# Archivo de datos para el modelo de Enrutamiento de Vehículos (N=71 Clientes)

param N := 71;
param K := 12;
param T := 5;

param Q :=
1 5000
2 5000
3 5000
4 5000
5 10000
6 10000
7 10000
8 10000
9 15000
10 15000
11 15000
12 15000
;

# Demands
# Note i = 0 is the depot
param w :=
0 0
1 464
2 514
3 514
4 514
5 461
6 382
7 745
8 183
9 368
10 368
11 222
12 320
13 266
14 266
15 320
16 222
17 320
18 320
19 464
20 464
21 464
22 514
23 514
24 514
25 514
26 514
27 514
28 146
29 146
30 461
31 461
32 461
33 461
34 826
35 826
36 148
37 148
38 382
39 624
40 624
41 624
42 133
43 133
44 195
45 195
46 195
47 195
48 297
49 426
50 426
51 426
52 426
53 426
54 745
55 745
56 745
57 745
58 745
59 745
60 745
61 745
62 745
63 183
64 183
65 183
66 265
67 265
68 265
69 265
70 265
71 265
;

param W :=
0 0
1 1546
2 1713
3 1713
4 1713
5 1536
6 1274
7 2483
8 609
9 1227
10 1227
11 740
12 1065
13 888
14 888
15 1065
16 740
17 1065
18 1065
19 1546
20 1546
21 1546
22 1713
23 1713
24 1713
25 1713
26 1713
27 1713
28 485
29 485
30 1536
31 1536
32 1536
33 1536
34 2753
35 2753
36 495
37 495
38 1274
39 2080
40 2080
41 2080
42 443
43 443
44 651
45 651
46 651
47 651
48 990
49 1420
50 1420
51 1420
52 1420
53 1420
54 2483
55 2483
56 2483
57 2483
58 2483
59 2483
60 2483
61 2483
62 2483
63 609
64 609
65 609
66 883
67 883
68 883
69 883
70 883
71 883
;

param serv :=
0 0
1 33
2 33
3 33
4 33
5 33
6 32
7 35
8 31
9 32
10 32
11 31
12 32
13 31
14 31
15 32
16 31
17 32
18 32
19 33
20 33
21 33
22 33
23 33
24 33
25 33
26 33
27 33
28 31
29 31
30 33
31 33
32 33
33 33
34 35
35 35
36 31
37 31
38 32
39 34
40 34
41 34
42 30
43 30
44 31
45 31
46 31
47 31
48 32
49 32
50 32
51 32
52 32
53 32
54 35
55 35
56 35
57 35
58 35
59 35
60 35
61 35
62 35
63 31
64 31
65 31
66 31
67 31
68 31
69 31
70 31
71 31
;

param early :=
0 0
1 480
2 480
3 480
4 480
5 480
6 480
7 480
8 480
9 480
10 480
11 480
12 480
13 480
14 480
15 480
16 480
17 480
18 480
19 0
20 480
21 480
22 0
23 480
24 480
25 480
26 480
27 480
28 480
29 480
30 0
31 480
32 480
33 480
34 0
35 480
36 480
37 480
38 480
39 0
40 480
41 480
42 480
43 480
44 480
45 480
46 480
47 480
48 480
49 0
50 480
51 480
52 480
53 480
54 480
55 480
56 480
57 480
58 480
59 480
60 480
61 480
62 0
63 480
64 480
65 480
66 480
67 480
68 480
69 480
70 480
71 480
;

param late :=
0 1440
1 930
2 1200
3 960
4 1200
5 1200
6 960
7 1200
8 1200
9 960
10 960
11 960
12 960
13 1200
14 960
15 960
16 960
17 960
18 1200
19 1439
20 930
21 930
22 1439
23 930
24 930
25 960
26 960
27 930
28 930
29 930
30 1439
31 930
32 960
33 930
34 1439
35 930
36 960
37 960
38 930
39 1439
40 1200
41 930
42 930
43 960
44 930
45 930
46 930
47 930
48 1200
49 1439
50 930
51 930
52 930
53 930
54 930
55 930
56 930
57 930
58 930
59 930
60 930
61 960
62 1439
63 930
64 930
65 960
66 930
67 960
68 930
69 930
70 960
71 930
;

param duedate :=
0 5
1 5
2 5
3 5
4 5
5 5
6 5
7 5
8 5
9 5
10 5
11 5
12 5
13 5
14 5
15 5
16 5
17 5
18 5
19 5
20 5
21 5
22 5
23 5
24 5
25 5
26 5
27 5
28 5
29 5
30 5
31 5
32 5
33 5
34 5
35 5
36 5
37 5
38 5
39 5
40 5
41 5
42 5
43 5
44 5
45 5
46 5
47 5
48 5
49 5
50 5
51 5
52 5
53 5
54 5
55 5
56 5
57 5
58 5
59 5
60 5
61 5
62 5
63 5
64 5
65 5
66 5
67 5
68 5
69 5
70 5
71 5
;

# Matriz de Tiempo / Distancias (c[i,j])
# La matriz es de 72x72 (nodos 0 a 71)
param c :
0 1 2 3 4 5 6 7 8 9 10 11 12 13 14 15 16 17 18 19 20 21 22 23 24 25 26 27 28 29 30 31 32 33 34 35 36 37 38 39 40 41 42 43 44 45 46 47 48 49 50 51 52 53 54 55 56 57 58 59 60 61 62 63 64 65 66 67 68 69 70 71 :=
0 0.0000 32.3851 26.2604 19.7742 31.7135 59.9250 150.9117 75.5445 49.7599 132.9317 114.0474 111.3954 91.3683 132.5236 143.1661 64.1587 115.5652 95.9930 98.9575 47.6111 34.0236 39.7236 23.6217 6.5199 41.3430 16.6928 63.9853 12.1102 177.8222 159.3178 59.9817 43.2676 42.6884 65.0392 73.8413 82.4716 122.3158 185.4417 147.3270 105.4017 106.0370 115.9438 132.6732 162.7266 104.6922 85.1454 89.2136 73.7545 99.8779 30.5801 50.6140 28.4578 41.7230 32.1541 76.0563 69.8421 53.4964 77.0689 41.3083 71.8270 95.8346 88.0640 75.8651 46.7002 29.0766 51.9789 96.2580 60.6702 78.9873 86.7933 186.2682 82.1178
1 32.3851 0.0000 43.4934 20.8584 46.3397 86.6498 120.4675 65.1421 25.6670 160.2511 140.4656 137.6969 123.4927 163.6196 175.2333 94.0935 139.6675 128.3217 131.0437 19.4574 6.5041 18.7187 43.6330 26.1626 67.4930 47.0305 69.1187 44.4603 194.9818 172.9466 85.7590 57.8908 61.7026 85.4588 51.3845 67.7482 127.8570 178.8268 120.1123 73.7103 74.8002 88.2708 146.4818 167.3989 77.9327 58.8577 60.0428 44.0393 83.6516 62.2188 78.7428 48.0141 73.9044 62.9953 63.8678 69.3221 47.6123 80.3665 36.5092 57.0191 98.9417 87.8204 64.5783 20.3993 29.1146 32.3568 114.5128 74.6163 99.1830 100.6456 195.1752 105.0284
2 26.2604 43.4934 0.0000 42.3733 5.6058 78.6300 147.4500 99.8552 67.5693 148.1357 130.7688 94.4867 96.5065 140.7347 147.2229 54.6860 96.1749 98.9609 95.9810 49.1113 48.3870 38.2818 3.7170 25.8915 25.7767 20.0347 38.4265 28.9051 153.8890 134.0602 79.6191 69.0404 67.4132 88.0640 64.3798 65.6692 96.0934 161.3748 138.7078 106.4994 105.8053 109.0087 107.3657 136.4957 97.1403 78.4178 85.9556 72.6915 82.8894 44.4106 68.4492 53.9535 50.5985 47.9536 99.8690 95.8578 78.3258 103.3267 65.8032 94.6861 122.0914 114.2185 99.9380 63.0309 53.6281 72.1745 119.3727 86.0799 101.6087 111.6873 211.5904 102.9728
3 19.7742 20.8584 42.3733 0.0000 47.0983 66.0745 140.8269 57.4862 30.5944 139.5606 119.6893 131.1596 105.8921 144.4086 157.2670 83.6598 135.1453 111.4289 116.5962 40.0869 18.8284 36.5060 40.7385 16.7795 60.9329 36.4527 76.6372 29.7571 196.0515 176.4044 65.0469 37.6921 40.9458 64.7444 71.1548 85.0470 136.0553 193.5941 140.9691 93.4021 94.8820 109.1289 149.7092 176.3353 98.7405 79.5619 80.8595 64.8380 101.7594 44.7495 58.5854 27.1603 57.0912 44.6480 57.5302 55.4291 36.2009 64.7873 23.6220 52.6665 83.7756 74.1851 57.5681 28.3503 11.9278 32.2196 94.2742 54.9497 78.5597 81.3571 178.1315 84.1913
4 31.7135 46.3397 5.6058 47.0983 0.0000 83.8319 145.8818 104.5537 71.0689 152.7280 135.5996 92.7681 99.7346 144.2638 149.9981 55.5542 93.6915 101.7865 97.6746 49.8295 51.6341 38.8762 9.0743 30.9104 26.3354 25.2362 32.8267 34.4392 149.7032 129.3461 84.9049 74.6175 73.0185 93.5964 62.1922 61.7450 90.6025 155.8687 136.0905 106.1320 105.1587 106.8972 102.6550 131.0132 94.9829 76.6368 84.8470 72.2509 78.7819 49.4512 73.6147 59.5417 54.9732 53.1121 104.4399 101.0968 83.2125 108.7404 70.6542 99.0427 127.5399 119.5245 104.5747 66.3136 58.5593 76.0908 124.8900 91.6805 107.1027 117.2912 217.1961 108.3188
5 59.9250 86.6498 78.6300 66.0745 83.8319 0.0000 206.8973 86.5983 90.2696 73.6621 54.2472 119.5514 53.3747 81.7030 98.8549 71.0613 129.5947 61.6026 77.2790 105.0995 84.7903 98.8771 74.9248 65.8106 72.9182 58.6130 115.4603 50.8168 201.5284 190.5916 3.6184 37.7149 29.8335 21.1570 133.5738 141.8652 167.2055 238.8464 206.1372 159.2512 160.9014 174.4259 165.7745 206.2044 163.5702 144.0829 146.6048 130.6497 159.3255 34.5837 10.2817 39.5066 34.2901 30.7297 89.7248 67.3712 69.9872 63.7759 66.4623 91.1914 75.2587 76.5511 88.1890 90.7475 62.5766 86.5394 45.6560 36.6075 28.5382 47.6517 142.5595 25.4182
6 150.9117 120.4675 147.4500 140.8269 145.8818 206.8973 0.0000 152.5967 120.9120 280.2332 260.1511 230.1937 241.5376 283.4339 293.2064 201.3646 225.8595 245.2020 243.4161 103.3006 122.1313 112.0136 150.0733 144.3966 172.1789 161.5445 139.2491 162.7508 252.3220 223.2075 205.7761 174.6000 180.1171 203.0522 84.1731 95.4011 167.3498 159.6753 30.1215 48.6488 46.1748 40.8173 203.2497 191.0801 52.3167 69.2903 62.0068 77.1573 87.7164 181.4917 199.2057 167.6414 192.2178 182.8453 148.7506 169.9769 150.5548 182.7667 146.2266 141.0816 196.9054 183.3721 150.7394 118.4971 145.5855 127.7537 228.8353 188.7337 215.9201 211.7619 291.0008 223.3350
7 75.5445 65.1421 99.8552 57.4862 104.5537 86.5983 152.5967 0.0000 42.4195 146.8704 126.6694 184.5210 139.0044 166.4707 185.2188 134.4347 190.0945 146.6376 158.3765 79.6101 58.6510 83.4204 98.1076 74.0876 116.3717 91.0484 132.7663 81.5459 253.2828 233.8867 83.4979 50.5116 58.6739 70.4731 110.3878 130.6640 192.1368 242.8547 163.6075 105.4170 109.4223 133.8475 207.1919 232.0627 126.9674 111.7102 106.2906 92.8302 144.8950 87.7449 85.7164 58.9254 99.2099 85.0293 4.1334 21.6643 22.2323 32.8087 34.2569 11.6155 44.3445 30.7905 2.0347 47.9085 46.5271 33.9811 84.6917 52.0217 78.2349 65.3875 139.7414 88.7931
8 49.7599 25.6670 67.5693 30.5944 71.0689 90.2696 120.9120 42.4195 0.0000 161.5436 141.1155 160.2604 134.9443 171.2211 185.6949 113.9185 163.2556 140.9552 147.0429 37.2893 19.6055 42.2666 67.0429 45.1919 89.6443 66.3342 94.7208 60.3422 220.3939 198.5952 88.4090 54.6819 61.2289 82.9198 68.0948 88.2962 153.1703 200.5573 126.8020 72.2639 75.0827 95.6467 172.1060 192.4313 87.3512 70.6088 67.0332 52.2020 102.5081 74.6148 84.6400 51.3758 87.0932 73.9276 40.3347 52.3641 30.7938 64.8350 25.4249 32.7244 81.8713 69.3191 41.4400 5.6739 28.1267 8.5882 107.9369 67.8499 95.2956 91.2447 179.0650 103.3426
9 132.9317 160.2511 148.1357 139.5606 152.7280 73.6621 280.2332 146.8704 161.5436 0.0000 20.5295 151.9645 67.0072 41.4873 65.5874 119.0444 165.2939 72.6429 94.1735 178.7596 158.1296 172.3365 144.4608 139.0576 134.9499 128.5183 181.5243 122.7043 237.0361 234.4688 74.5137 106.8850 100.5058 79.1090 206.7728 213.3409 225.0207 302.1993 279.7635 232.2385 234.1243 248.0769 213.5037 260.6674 237.1689 217.6572 220.2497 204.2782 230.7398 104.3596 82.3562 112.5968 97.8334 101.5454 150.7588 125.2263 136.4489 115.6574 136.4625 154.8044 115.6273 124.5930 148.8137 162.8059 134.9324 156.5179 64.7269 96.4155 68.8026 83.7359 126.4260 58.9387
10 114.0474 140.4656 130.7688 119.6893 135.5996 54.2472 260.1511 126.6694 141.1155 20.5295 0.0000 145.0809 59.6220 49.8936 74.0616 107.0482 157.8020 66.9613 89.0171 159.1815 138.1360 153.1233 127.0612 120.0221 119.7017 110.8811 165.5178 104.3192 230.5490 225.5554 54.7561 86.4383 80.1965 58.5821 187.7985 195.3667 211.8928 287.5454 260.2814 212.0343 214.0070 228.5239 203.2923 248.7678 217.7543 198.2891 200.5069 184.5032 212.8158 86.4920 63.4881 92.6106 81.3046 83.3437 130.5206 105.0632 115.9284 95.8631 115.9838 134.4178 97.1280 105.3309 128.5962 142.4655 114.6913 136.0169 46.2721 75.9324 48.4672 64.5708 121.1232 38.4269
11 111.3954 137.6969 94.4867 131.1596 92.7681 119.5514 230.1937 184.5210 160.2604 151.9645 145.0809 0.0000 85.6696 120.3697 109.8263 50.8972 13.9394 79.3335 58.0441 142.4406 142.0184 131.4942 94.0666 115.1811 70.6189 94.7830 90.9815 103.2532 85.4706 83.9639 122.8831 138.9698 132.5276 139.8129 147.3444 135.4647 94.2083 174.0108 213.5207 196.3363 194.5240 189.4256 67.6750 119.0411 177.8966 162.5926 173.1521 162.9050 147.2553 98.6434 112.4643 126.5915 89.6380 102.2861 185.7566 173.1423 162.3856 175.4447 151.2885 182.5256 191.1317 188.3702 185.2110 156.3373 139.5826 163.2995 163.4837 149.7768 147.7423 167.0492 259.3661 141.5694
12 91.3683 123.4927 96.5065 105.8921 99.7346 53.3747 241.5376 139.0044 134.9443 67.0072 59.6220 85.6696 0.0000 45.0943 51.8049 54.4657 98.6792 8.7636 29.8071 138.5689 123.9843 129.5241 93.2762 97.8417 76.5919 80.1062 123.1934 79.2822 171.1134 167.4950 56.8529 88.7076 80.4847 73.4515 160.4593 161.2625 160.1705 239.0906 235.0021 196.7545 197.2653 204.6867 146.6051 194.4804 192.9617 173.7543 179.5412 164.5843 177.9421 61.3771 53.3675 84.6689 49.6455 61.2593 141.8542 120.5605 120.5417 117.0664 114.3781 142.3611 127.2764 129.7106 140.4682 133.8635 107.0700 133.2726 86.5449 89.9801 75.0380 96.5300 177.6948 65.5842
13 132.5236 163.6196 140.7347 144.4086 144.2638 81.7030 283.4339 166.4707 171.2211 41.4873 49.8936 120.3697 45.0943 0.0000 24.4755 98.7925 134.2323 45.9125 63.2033 180.1341 163.1283 171.8090 137.3687 139.0375 121.6549 123.2478 168.2831 120.7530 203.2882 204.3061 84.1972 119.3505 111.5365 96.0609 204.0057 205.9603 203.1233 282.8553 278.5280 237.3291 238.3104 247.7419 185.9029 235.5576 236.1698 216.7669 221.6780 206.2774 222.7793 101.9445 86.5888 119.8515 91.6331 100.6892 169.9319 145.7342 151.4813 138.7853 148.0704 172.2331 143.5713 149.8576 168.2220 171.1114 143.1494 168.0335 94.1688 114.4981 90.8442 110.5171 167.6260 79.6882
14 143.1661 175.2333 147.2229 157.2670 149.9981 98.8549 293.2064 185.2188 185.6949 65.5874 74.0616 109.8263 51.8049 24.4755 0.0000 99.0541 123.7247 48.2630 57.6271 190.3511 175.5610 181.2081 144.1630 149.6439 125.3512 131.6718 170.3199 131.0849 189.0246 193.1887 101.7977 136.3659 128.2652 115.5857 211.5219 210.7865 198.4798 279.0203 285.9306 248.5584 249.0621 255.9705 177.1875 228.0722 244.1777 225.1101 231.1997 216.3364 226.9808 113.0401 101.8482 134.6587 101.4441 112.6505 188.4642 165.1531 168.6787 159.2374 163.9074 190.0374 165.4879 170.8589 186.8705 184.9510 157.6159 183.3995 117.1756 133.7662 112.1099 132.5741 191.9509 101.0455
15 64.1587 94.0935 54.6860 83.6598 55.5542 71.0613 201.3646 134.4347 113.9185 119.0444 107.0482 50.8972 54.4657 98.7925 99.0541 0.0000 59.1714 53.0116 43.1748 103.3919 97.2572 92.7513 52.7477 69.0714 29.2188 47.6682 71.3158 54.3401 130.4751 120.4768 74.1247 88.0827 81.6501 90.3227 117.3977 113.0934 106.1175 184.6335 190.2928 161.1822 160.4667 162.0043 96.8110 141.8467 150.0752 132.0794 140.3760 127.3752 128.6561 47.7647 62.9145 75.9776 39.0577 51.3903 135.9089 122.3320 112.4818 124.5668 101.9398 133.2382 140.4660 137.4778 135.2368 110.7161 90.7246 115.7718 116.3810 99.1330 99.5991 117.7277 213.2632 94.9448
16 115.5652 139.6675 96.1749 135.1453 93.6915 129.5947 225.8595 190.0945 163.2556 165.2939 157.8020 13.9394 98.6792 134.2323 123.7247 59.1714 0.0000 92.6614 71.6697 142.5240 144.4425 131.6831 96.2929 118.7090 74.2289 99.2914 86.9552 108.5516 73.0377 70.0748 132.8077 146.3206 140.3297 149.3507 144.3312 130.5476 82.6515 161.6414 207.7301 194.3173 192.1522 185.0468 54.0981 105.5851 173.7728 159.4900 170.6086 161.4142 141.0994 106.1538 121.9177 133.2181 98.2144 110.0428 191.0579 180.0063 167.8670 183.1443 156.3269 187.3087 199.4556 195.9138 190.6524 158.9968 144.3415 166.9491 174.2320 158.1798 158.0250 176.7272 270.6136 152.4264
17 95.9930 128.3217 98.9609 111.4289 101.7865 61.6026 245.2020 146.6376 140.9552 72.6429 66.9613 79.3335 8.7636 45.9125 48.2630 53.0116 92.6614 0.0000 22.0645 142.6773 129.1817 133.2915 95.9032 102.3871 77.5247 83.6870 123.3848 83.8858 164.5605 162.0800 65.1263 96.1988 87.9942 81.9265 163.2642 162.8290 157.4078 236.9697 237.6687 201.1195 201.4246 207.7411 141.9866 190.6884 195.9357 176.9088 183.2071 168.5277 179.2244 66.6882 60.9224 91.3353 54.5131 67.0329 149.3951 128.5401 127.7539 125.3698 121.1157 149.6386 135.8667 138.0829 148.0580 139.6120 113.3080 139.6651 95.2783 98.1929 83.7739 105.2564 185.9399 74.3478
18 98.9575 131.0437 95.9810 116.5962 97.6746 77.2790 243.4161 158.3765 147.0429 94.1735 89.0171 58.0441 29.8071 63.2033 57.6271 43.1748 71.6697 22.0645 0.0000 143.0951 132.9671 132.9278 93.4814 104.9239 71.6330 84.2938 114.1174 87.2606 142.8628 141.5743 80.8972 108.0971 100.1458 98.3525 159.8546 156.2662 141.2921 221.6719 233.2605 201.5953 201.3127 204.5523 122.6999 172.5272 192.6304 174.2668 181.8843 168.1300 171.7833 72.9243 74.1299 100.5300 60.4948 74.5389 160.7373 141.9255 138.0912 140.3425 129.8907 159.9608 152.5322 153.3313 159.6083 144.8957 120.5944 147.0058 115.1758 113.0214 102.2262 123.4085 207.4568 93.6519
19 47.6111 19.4574 49.1113 40.0869 49.8295 105.0995 103.3006 79.6101 37.2893 178.7596 159.1815 142.4406 138.5689 180.1341 190.3511 103.3919 142.5240 142.6773 143.0951 0.0000 24.0976 10.9568 50.6770 41.0967 74.8533 59.2042 63.2389 59.4866 191.8466 167.8319 104.4256 77.3473 81.0293 104.8184 32.3782 51.0576 118.9680 163.2741 101.1148 58.5969 58.7479 69.3429 141.9789 157.2257 58.7106 39.4751 41.7446 26.1434 65.8423 78.1912 96.7243 67.1084 89.0487 79.6066 77.6222 86.8266 64.7618 98.4337 54.7480 69.9683 116.6384 104.8926 78.6972 31.7148 48.4614 45.6296 133.9697 94.0290 118.5887 119.9534 213.4349 124.2408
20 34.0236 6.5041 48.3870 18.8284 51.6341 84.7903 122.1313 58.6510 19.6055 158.1296 138.1360 142.0184 123.9843 163.1283 175.5610 97.2572 144.4425 129.1817 132.9671 24.0976 0.0000 24.9968 48.1635 28.3348 71.5177 49.7199 75.4540 45.7873 200.7965 179.0427 83.6470 54.0798 58.5641 82.1191 56.4494 73.7181 134.3006 185.0928 123.2718 74.5767 76.1125 91.4374 152.5303 173.8816 81.5124 62.8178 62.8418 46.8320 89.3466 62.6149 77.4129 45.5377 74.6698 62.9422 57.3637 63.3220 41.4572 74.6085 30.7767 50.5363 93.0395 81.7089 58.0774 14.6802 24.7544 25.9264 110.4802 70.2964 95.6414 95.9982 189.5515 102.0087
21 39.7236 18.7187 38.2818 36.5060 38.8762 98.8771 112.0136 83.4204 42.2666 172.3365 153.1233 131.4942 129.5241 171.8090 181.2081 92.7513 131.6831 133.2915 132.9278 10.9568 24.9968 0.0000 40.0038 33.3799 64.0534 49.6073 53.9942 51.1112 182.1303 158.6899 98.5247 74.1641 76.8342 100.5829 35.0257 49.2158 111.2668 160.1176 107.6209 68.6862 68.4400 76.2282 132.5966 150.2490 64.9811 45.4329 50.0219 35.3160 65.4911 70.0347 89.9965 62.4093 80.3050 71.8584 81.9051 88.0035 66.3311 98.8960 55.1039 74.7110 117.5599 106.5323 82.7436 36.6106 46.7197 49.9262 130.6363 91.4496 114.5402 117.8144 213.5133 119.3653
22 23.6217 43.6330 3.7170 40.7385 9.0743 74.9248 150.0733 98.1076 67.0429 144.4608 127.0612 94.0666 93.2762 137.3687 144.1630 52.7477 96.2929 95.9032 93.4814 50.6770 48.1635 40.0038 0.0000 24.0221 24.3384 16.3216 41.8338 25.3753 155.3146 136.0012 75.9309 65.9585 64.1034 84.5268 67.3621 69.2376 99.0346 164.9429 141.8029 108.5339 107.9919 111.9053 109.3213 139.4089 100.0665 81.1999 88.4068 74.8232 86.4937 40.6936 64.7388 50.8341 46.9931 44.2412 98.2598 93.4371 76.3883 100.6188 63.9321 93.3052 119.3111 111.6856 98.2581 62.7050 51.6910 71.2613 115.8166 82.8689 98.0287 108.3458 208.2990 99.3044
23 6.5199 26.1626 25.8915 16.7795 30.9104 65.8106 144.3966 74.0876 45.1919 139.0576 120.0221 115.1811 97.8417 139.0375 149.6439 69.0714 118.7090 102.3871 104.9239 41.0967 28.3348 33.3799 24.0221 0.0000 44.6446 21.4268 61.9904 18.5596 179.3034 159.9217 65.6960 46.3424 46.7639 69.7475 67.7775 77.3512 121.0028 182.0419 141.0003 98.9155 99.5251 109.5575 133.2302 161.3991 98.3600 78.8120 82.7228 67.2399 94.6768 37.0964 56.7020 32.1802 48.2010 38.5987 74.2526 70.2826 52.4433 78.4056 39.9427 69.4416 97.3401 88.8165 74.2373 41.6857 27.7403 48.2523 100.7560 63.9783 83.7585 90.3747 189.2958 87.4176
24 41.3430 67.4930 25.7767 60.9329 26.3354 72.9182 172.1789 116.3717 89.6443 134.9499 119.7017 70.6189 76.5919 121.6549 125.3512 29.2188 74.2289 77.5247 71.6330 74.8533 71.5177 64.0534 24.3384 44.6446 0.0000 25.3289 47.0091 35.3906 138.1817 122.1334 74.9867 76.3748 72.0522 87.7553 88.3105 85.4424 94.2906 167.8566 161.6762 132.1726 131.3492 132.9774 96.0247 133.4273 121.0500 102.9058 111.1666 98.3192 101.7041 39.9526 62.8811 61.8761 39.2595 44.3158 117.1276 108.1444 94.1601 113.1368 82.3339 113.1409 130.8922 125.2915 116.8215 85.7425 70.2363 92.8772 117.6818 91.1340 99.8064 114.1518 213.5216 98.3364
25 16.6928 47.0305 20.0347 36.4527 25.2362 58.6130 161.5445 91.0484 66.3342 128.5183 110.8811 94.7830 80.1062 123.2478 131.6718 47.6682 99.2914 83.6870 84.2938 59.2042 49.7199 49.6073 16.3216 21.4268 25.3289 0.0000 57.4712 10.7968 163.1563 145.9912 59.6705 52.8229 49.7755 68.9241 80.7604 84.8558 112.9193 180.8733 155.2844 117.7945 117.8795 124.6633 119.5391 153.0653 113.0038 93.7010 99.5394 84.8768 102.2301 24.4187 48.4184 37.8198 31.8129 27.9197 91.8447 83.2386 68.8327 88.9562 57.0667 88.0305 107.1710 100.7674 91.5131 63.0485 45.0510 68.6676 100.0797 68.8803 82.2055 93.6028 193.6303 83.1097
26 63.9853 69.1187 38.4265 76.6372 32.8267 115.4603 139.2491 132.7663 94.7208 181.5243 165.5178 90.9815 123.1934 168.2831 170.3199 71.3158 86.9552 123.3848 114.1174 63.2389 75.4540 53.9942 41.8338 61.9904 47.0091 57.4712 0.0000 67.1877 128.7310 104.7067 116.8172 107.1968 105.8289 126.2841 57.6082 44.7251 59.4677 123.4608 123.1940 108.2607 105.7260 98.4579 78.7410 99.6985 86.9949 72.6521 84.1324 76.6231 58.3407 80.8776 105.1800 92.2021 84.2185 84.8307 132.0487 131.9159 112.5731 140.3926 100.0636 125.7256 159.3301 150.5900 132.4938 89.2759 88.5360 101.3565 157.5176 124.4061 139.6666 150.1101 249.9777 140.3744
27 12.1102 44.4603 28.9051 29.7571 34.4392 50.8168 162.7508 81.5459 60.3422 122.7043 104.3192 103.2532 79.2822 120.7530 131.0849 54.3401 108.5516 83.8858 87.2606 59.4866 45.7873 51.1112 25.3753 18.5596 35.3906 10.7968 67.1877 0.0000 173.5354 156.7032 51.4121 42.0277 39.1635 59.1602 84.4459 91.1227 123.4720 190.2785 158.4562 117.4737 118.0493 127.2710 130.2836 163.6852 115.8748 96.3600 100.9266 85.6109 108.5838 18.9441 40.9509 27.0306 29.6440 21.1846 82.5909 72.7766 59.3238 78.2207 48.0355 79.2944 96.3861 90.1240 82.1296 57.7805 36.4671 61.5529 90.4686 58.2045 72.7226 83.2080 183.2325 74.4537
28 177.8222 194.9818 153.8890 196.0515 149.7032 201.5284 252.3220 253.2828 220.3939 237.0361 230.5490 85.4706 171.1134 203.2882 189.0246 130.4751 73.0377 164.5605 142.8628 191.8466 200.7965 182.1303 155.3146 179.3034 138.1817 163.1563 128.7310 173.5354 0.0000 29.8118 204.5983 214.1534 209.0642 220.5781 182.1852 161.7408 85.0301 137.4472 227.8066 232.7372 229.2306 213.6640 50.6982 75.1237 204.3851 195.6807 208.3005 203.8820 165.0530 175.1201 193.2694 199.9695 168.8351 179.2902 253.5541 246.3117 231.3160 251.0945 219.0298 248.5672 268.4108 263.4095 253.5050 215.3502 206.7577 225.7705 246.6622 227.6733 230.0627 247.9693 343.3291 224.9939
29 159.3178 172.9466 134.0602 176.4044 129.3461 190.5916 223.2075 233.8867 198.5952 234.4688 225.5554 83.9639 167.4950 204.3061 193.1887 120.4768 70.0748 162.0800 141.5743 167.8319 179.0427 158.6899 136.0012 159.9217 122.1334 145.9912 104.7067 156.7032 29.8118 0.0000 193.3635 198.4070 194.1669 208.2406 155.4565 134.1509 55.9038 110.6153 198.2867 205.4468 201.7256 185.0135 26.6953 47.7806 176.0840 168.4040 181.1400 177.8036 136.3409 161.1543 181.5391 183.6658 156.6982 165.4744 233.7764 228.9478 212.3621 234.9225 199.8588 228.2127 252.9363 246.7325 233.9207 193.3217 187.6570 204.5981 236.2352 213.1994 218.9395 235.3243 333.1492 215.1564
30 59.9817 85.7590 79.6191 65.0469 84.9049 3.6184 205.7761 83.4979 88.4090 74.5137 54.7561 122.8831 56.8529 84.1972 101.7977 74.1247 132.8077 65.1263 80.8972 104.4256 83.6470 98.5247 75.9309 65.6960 74.9867 59.6705 116.8172 51.4121 204.5983 193.3635 0.0000 35.1643 27.5038 17.5564 133.3547 142.2250 169.2192 240.2646 205.5294 157.9532 159.7117 173.7678 168.4168 208.3807 163.0192 143.5731 145.7862 129.7964 159.6746 36.0300 12.1157 38.1580 36.7986 31.9888 86.6834 64.0539 67.3113 60.2435 64.2702 88.3401 71.6404 72.9884 85.1161 89.0860 60.9512 84.4138 43.0278 33.1390 25.5892 44.2214 139.8053 23.5970
31 43.2676 57.8908 69.0404 37.6921 74.6175 37.7149 174.6000 50.5116 54.6819 106.8850 86.4383 138.9698 88.7076 119.3505 136.3659 88.0827 146.3206 96.1988 108.0971 77.3473 54.0798 74.1641 65.9585 46.3424 76.3748 52.8229 107.1968 42.0277 214.1534 198.4070 35.1643 0.0000 8.2242 28.4528 108.8272 122.1829 164.9652 228.3763 177.3090 126.1435 128.4446 145.4923 172.1082 205.3045 135.5683 116.6945 116.8142 100.8494 139.1336 40.3277 35.3402 15.1468 50.3299 36.7699 53.1968 34.5592 32.3167 36.9806 29.6398 53.8158 54.5316 49.6021 51.8822 56.2529 29.4157 49.8014 56.6429 17.6779 41.6196 44.1905 143.0496 48.7954
32 42.6884 61.7026 67.4132 40.9458 73.0185 29.8335 180.1171 58.6739 61.2289 100.5058 80.1965 132.5276 80.4847 111.5365 128.2652 81.6501 140.3297 87.9942 100.1458 81.0293 58.5641 76.8342 64.1034 46.7639 72.0522 49.7755 105.8289 39.1635 209.0642 194.1669 27.5038 8.2242 0.0000 23.8092 111.7982 123.8018 162.6350 228.0808 181.7245 131.8702 133.9451 149.8747 168.0663 202.8305 139.6352 120.5039 121.3856 105.3609 140.9776 34.1996 27.1178 14.6559 43.2584 30.3030 61.4027 42.0105 40.4285 42.9176 36.7777 62.0161 59.3750 55.8651 60.0688 62.3021 34.5377 56.9419 54.1198 19.1675 37.7110 44.2901 144.1958 43.4447
33 65.0392 85.4588 88.0640 64.7444 93.5964 21.1570 203.0522 70.4731 82.9198 79.1090 58.5821 139.8129 73.4515 96.0609 115.5857 90.3227 149.3507 81.9265 98.3525 104.8184 82.1191 100.5829 84.5268 69.7475 87.7553 68.9241 126.2841 59.1602 220.5781 208.2406 17.5564 28.4528 23.8092 0.0000 135.5731 147.0726 181.1247 249.4289 205.3757 154.5906 156.8944 173.5311 182.8374 220.8538 163.3799 144.2896 144.9577 128.9511 164.3441 47.8036 27.4330 38.2006 51.7984 43.4432 74.0225 49.7124 57.4980 44.0318 57.5995 76.9196 54.2039 56.3792 72.2605 84.6789 57.6886 77.5093 31.3465 18.4529 14.0245 27.4079 125.7663 20.4256
34 73.8413 51.3845 64.3798 71.1548 62.1922 133.5738 84.1731 110.3878 68.0948 206.7728 187.7985 147.3444 160.4593 204.0057 211.5219 117.3977 144.3312 163.2642 159.8546 32.3782 56.4494 35.0257 67.3621 67.7775 88.3105 80.7604 57.6082 84.4459 182.1852 155.4565 133.3547 108.8272 111.7982 135.5731 0.0000 23.6395 101.9000 134.1530 74.5613 51.0195 48.1875 44.7054 131.4904 136.6515 32.7968 15.2519 26.6292 23.5918 34.6844 103.2976 124.4429 97.4219 112.4888 105.5789 107.9977 119.0134 96.9200 130.7539 87.1240 100.0133 148.8347 136.8654 109.2790 62.8403 80.4891 76.6650 165.4287 125.8653 149.5091 152.0093 245.7557 154.3850
35 82.4716 67.7482 65.6692 85.0470 61.7450 141.8652 95.4011 130.6640 88.2962 213.3409 195.3667 135.4647 161.2625 205.9603 210.7865 113.0934 130.5476 162.8290 156.2662 51.0576 73.7181 49.2158 69.2376 77.3512 85.4424 84.8558 44.7251 91.1227 161.7408 134.1509 142.2250 122.1829 123.8018 147.0726 23.6395 0.0000 79.5051 112.3043 78.5030 71.3331 67.5799 54.6605 111.2726 113.1891 43.8442 34.3998 47.2064 47.2070 17.4618 109.0085 132.0733 109.1467 116.2245 112.0255 128.6213 137.0291 115.1575 148.0885 104.2519 120.8714 166.6889 155.4122 129.7319 82.7584 95.8043 96.6829 177.9199 139.7471 161.0920 166.2583 262.7144 164.5893
36 122.3158 127.8570 96.0934 136.0553 90.6025 167.2055 167.3498 192.1368 153.1703 225.0207 211.8928 94.2083 160.1705 203.1233 198.4798 106.1175 82.6515 157.4078 141.2921 118.9680 134.3006 111.2668 99.0346 121.0028 94.2906 112.9193 59.4677 123.4720 85.0301 55.9038 169.2192 164.9652 162.6350 181.1247 101.9000 79.5051 0.0000 80.6341 142.9016 150.7346 146.7790 129.1607 38.2454 40.4152 120.4388 113.9036 126.7115 125.0193 80.4940 133.6452 157.1326 149.8237 133.3827 137.9391 191.3134 191.1987 172.0397 199.2888 159.5240 184.7961 218.1280 209.8044 191.8167 147.5974 147.9297 160.2134 211.6581 181.6441 193.7198 206.4912 306.4862 192.6228
37 185.4417 178.8268 161.3748 193.5941 155.8687 238.8464 159.6753 242.8547 200.5573 302.1993 287.5454 174.0108 239.0906 282.8553 279.0203 184.6335 161.6414 236.9697 221.6719 163.2741 185.0928 160.1176 164.9429 182.0419 167.8566 180.8733 123.4608 190.2785 137.4472 110.6153 240.2646 228.3763 228.0808 249.4289 134.1530 112.3043 80.6341 0.0000 129.6528 167.2424 162.0211 134.8506 109.8981 62.8428 132.6082 138.2555 149.0016 155.9849 99.8058 204.2835 228.5652 213.8720 206.7428 208.2758 240.8918 247.8919 226.4223 258.2122 214.8889 233.1718 277.1150 266.5411 241.9685 194.9873 205.1691 208.8879 280.7470 245.9758 262.9712 272.2299 371.2805 263.8317
38 147.3270 120.1123 138.7078 140.9691 136.0905 206.1372 30.1215 163.6075 126.8020 279.7635 260.2814 213.5207 235.0021 278.5280 285.9306 190.2928 207.7301 237.6687 233.2605 101.1148 123.2718 107.6209 141.8029 141.0003 161.6762 155.2844 123.1940 158.4562 227.8066 198.2867 205.5294 177.3090 181.7245 205.3757 74.5613 78.5030 142.9016 129.6528 0.0000 59.2286 54.6111 31.8500 180.0040 163.5677 42.6405 62.1883 60.5242 76.4597 66.6833 177.3921 197.5188 168.1114 186.9458 179.4129 160.0933 178.5189 157.5391 191.2324 150.9979 152.0084 207.0839 193.8169 161.9273 123.2228 147.9002 134.6523 233.3643 192.9822 218.9054 217.6905 303.3416 225.1207
39 105.4017 73.7103 106.4994 93.4021 106.1320 159.2512 48.6488 105.4170 72.2639 232.2385 212.0343 196.3363 196.7545 237.3291 248.5584 161.1822 194.3173 201.1195 201.5953 58.5969 74.5767 68.6862 108.5339 98.9155 132.1726 117.7945 108.2607 117.4737 232.7372 205.4468 157.9532 126.1435 131.8702 154.5906 51.0195 71.3331 150.7346 167.2424 59.2286 0.0000 5.3633 34.2391 182.0997 182.4211 34.6947 37.0672 24.4817 33.8812 73.0751 135.7644 151.9869 119.8032 147.1165 136.6901 101.7368 121.8467 102.0256 134.6482 97.5953 93.8086 149.4592 136.0127 103.6476 69.9395 97.3455 79.1606 180.1877 140.0945 167.3495 163.1886 244.8700 174.9259
40 106.0370 74.8002 105.8053 94.8820 105.1587 160.9014 46.1748 109.4223 75.0827 234.1243 214.0070 194.5240 197.2653 238.3104 249.0621 160.4667 192.1522 201.4246 201.3127 58.7479 76.1125 68.4400 107.9919 99.5251 131.3492 117.8795 105.7260 118.0493 229.2306 201.7256 159.7117 128.4446 133.9451 156.8944 48.1875 67.5799 146.7790 162.0211 54.6111 5.3633 0.0000 28.8905 178.6530 177.9528 29.5766 33.6698 21.5938 33.1851 68.4933 136.5311 153.4019 121.5586 147.6785 137.6215 105.8071 125.3762 105.2079 138.1696 100.2595 97.8068 153.2981 139.9012 107.6873 72.4302 99.4117 82.2644 182.9888 142.7711 169.8203 166.2429 249.0350 177.1648
41 115.9438 88.2708 109.0087 109.1289 106.8972 174.4259 40.8173 133.8475 95.6467 248.0769 228.5239 189.4256 204.6867 247.7419 255.9705 162.0043 185.0468 207.7411 204.5523 69.3429 91.4374 76.2282 111.9053 109.5575 132.9774 124.6633 98.4579 127.2710 213.6640 185.0135 173.7678 145.4923 149.8747 173.5311 44.7054 54.6605 129.1607 134.8506 31.8500 34.2391 28.8905 0.0000 163.9314 156.4440 11.9293 30.9768 28.8233 44.6554 48.6729 146.2134 165.9136 136.2771 156.1098 148.0863 130.5166 147.7384 126.4398 160.3662 119.4617 122.3359 176.6980 163.5988 132.2618 91.8291 116.0920 103.6972 201.6365 161.2720 187.0774 186.1688 273.4541 193.2717
42 132.6732 146.4818 107.3657 149.7092 102.6550 165.7745 203.2497 207.1919 172.1060 213.5037 203.2923 67.6750 146.6051 185.9029 177.1875 96.8110 54.0981 141.9866 122.6999 141.9789 152.5303 132.5966 109.3213 133.2302 96.0247 119.5391 78.7410 130.2836 50.6982 26.6953 168.4168 172.1082 168.0663 182.8374 131.4904 111.2726 38.2454 109.8981 180.0040 182.0997 178.6530 163.9314 0.0000 51.5208 154.2994 145.0595 157.6471 153.2331 115.5831 135.4268 156.4680 157.2862 131.6317 139.7722 207.0898 202.3608 185.6720 208.4951 173.1656 201.5556 226.6140 220.2183 207.2288 166.8733 160.9670 178.0142 211.4151 187.1588 193.9223 209.7419 308.1861 190.6552
43 162.7266 167.3989 136.4957 176.3353 131.0132 206.2044 191.0801 232.0627 192.4313 260.6674 248.7678 119.0411 194.4804 235.5576 228.0722 141.8467 105.5851 190.6884 172.5272 157.2257 173.8816 150.2490 139.4089 161.3991 133.4273 153.0653 99.6985 163.6852 75.1237 47.7806 208.3807 205.3045 202.8305 220.8538 136.6515 113.1891 40.4152 62.8428 163.5677 182.4211 177.9528 156.4440 51.5208 0.0000 149.6071 146.7880 159.4485 160.2208 109.5023 173.1708 196.2662 190.1588 172.0819 177.5013 231.1117 231.5572 212.2232 239.7031 199.7391 224.4171 258.5429 250.1843 231.6812 186.8065 188.2296 199.7190 251.0970 221.8866 233.1991 246.5250 346.4382 231.5963
44 104.6922 77.9327 97.1403 98.7405 94.9829 163.5702 52.3167 126.9674 87.3512 237.1689 217.7543 177.8966 192.9617 236.1698 244.1777 150.0752 173.7728 195.9357 192.6304 58.7106 81.5124 64.9811 100.0665 98.3600 121.0500 113.0038 86.9949 115.8748 204.3851 176.0840 163.0192 135.5683 139.6352 163.3799 32.7968 43.8442 120.4388 132.6082 42.6405 34.6947 29.5766 11.9293 154.2994 149.6071 0.0000 19.5483 20.6818 35.3273 40.3461 134.8171 154.8947 125.8148 144.5417 136.7922 123.8326 139.6974 118.0606 152.1811 110.3817 115.6132 169.0152 156.1305 125.4823 83.1571 106.2610 95.6404 191.9724 151.7004 177.0491 176.9742 266.0794 182.9289
45 85.1454 58.8577 78.4178 79.5619 76.6368 144.0829 69.2903 111.7102 70.6088 217.6572 198.2891 162.5926 173.7543 216.7669 225.1101 132.0794 159.4900 176.9088 174.2668 39.4751 62.8178 45.4329 81.1999 78.8120 102.9058 93.7010 72.6521 96.3600 195.6807 168.4040 143.5731 116.6945 120.5039 144.2896 15.2519 34.3998 113.9036 138.2555 62.1883 37.0672 33.6698 30.9768 145.0595 146.7880 19.5483 0.0000 12.8107 18.9777 39.2284 115.3039 135.3638 106.5443 125.1342 117.2521 108.8767 122.8359 100.9089 135.0881 92.4421 100.6924 152.4636 139.9018 110.3776 65.9636 87.5450 79.1125 173.2469 133.1139 158.0395 158.7058 249.6621 163.6934
46 89.2136 60.0428 85.9556 80.8595 84.8470 146.6048 62.0068 106.2906 67.0332 220.2497 200.5069 173.1521 179.5412 221.6780 231.1997 140.3760 170.6086 183.2071 181.8843 41.7446 62.8418 50.0219 88.4068 82.7228 111.1666 99.5394 84.1324 100.9266 208.3005 181.1400 145.7862 116.8142 121.3856 144.9577 26.6292 47.2064 126.7115 149.0016 60.5242 24.4817 21.5938 28.8233 157.6471 159.4485 20.6818 12.8107 0.0000 16.0315 51.1473 119.7602 138.4026 108.0127 130.2922 121.2999 103.1509 119.2947 97.8136 131.8492 90.6444 94.9314 148.4926 135.5458 104.8016 63.0721 87.3993 75.2152 172.8490 132.4739 158.4249 157.3494 245.4929 164.8234
47 73.7545 44.0393 72.6915 64.8380 72.2509 130.6497 77.1573 92.8302 52.2020 204.2782 184.5032 162.9050 164.5843 206.2774 216.3364 127.3752 161.4142 168.5277 168.1300 26.1434 46.8320 35.3160 74.8232 67.2399 98.3192 84.8768 76.6231 85.6109 203.8820 177.8036 129.7964 100.8494 105.3609 128.9511 23.5918 47.2070 125.0193 155.9849 76.4597 33.8812 33.1851 44.6554 153.2331 160.2208 35.3273 18.9777 16.0315 0.0000 56.2352 104.3345 122.5377 91.9870 115.1335 105.7249 89.9478 104.5612 82.8098 116.9681 75.0813 81.7538 134.0387 121.3251 91.4708 47.8627 71.4421 60.6044 156.9978 116.6489 142.4482 141.7270 231.2066 148.7961
48 99.8779 83.6516 82.8894 101.7594 78.7819 159.3255 87.7164 144.8950 102.5081 230.7398 212.8158 147.2553 177.9421 222.7793 226.9808 128.6561 141.0994 179.2244 171.7833 65.8423 89.3466 65.4911 86.4937 94.6768 101.7041 102.2301 58.3407 108.5838 165.0530 136.3409 159.6746 139.1336 140.9776 164.3441 34.6844 17.4618 80.4940 99.8058 66.6833 73.0751 68.4933 48.6729 115.5831 109.5023 40.3461 39.2284 51.1473 56.2352 0.0000 126.4306 149.5346 126.3306 133.4840 129.4726 142.5872 152.5762 130.5547 163.9489 120.0904 134.6413 182.3529 170.7293 143.8309 97.1368 112.2102 111.0388 195.0933 156.6269 178.3678 183.0971 278.8261 181.9890
49 30.5801 62.2188 44.4106 44.7495 49.4512 34.5837 181.4917 87.7449 74.6148 104.3596 86.4920 98.6434 61.3771 101.9445 113.0401 47.7647 106.1538 66.6882 72.9243 78.1912 62.6149 70.0347 40.6936 37.0964 39.9526 24.4187 80.8776 18.9441 175.1201 161.1543 36.0300 40.3277 34.1996 47.8036 103.2976 109.0085 133.6452 204.2835 177.3921 135.7644 136.5311 146.2134 135.4268 173.1708 134.8171 115.3039 119.7602 104.3345 126.4306 0.0000 24.3054 28.8199 12.5018 4.3664 89.5952 74.6046 66.3458 76.9987 57.1987 87.8928 93.5105 89.8229 88.7226 73.0017 47.6814 74.1252 78.0130 52.5533 60.0763 74.3434 173.5696 59.6268
50 50.6140 78.7428 68.4492 58.5854 73.6147 10.2817 199.2057 85.7164 84.6400 82.3562 63.4881 112.4643 53.3675 86.5888 101.8482 62.9145 121.9177 60.9224 74.1299 96.7243 77.4129 89.9965 64.7388 56.7020 62.8811 48.4184 105.1800 40.9509 193.2694 181.5391 12.1157 35.3402 27.1178 27.4330 124.4429 132.0733 157.1326 228.5652 197.5188 151.9869 153.4019 165.9136 156.4680 196.2662 154.8947 135.3638 138.4026 122.5377 149.5346 24.3054 0.0000 33.2649 24.8495 20.5034 88.5066 68.0045 67.3079 66.3265 62.0700 89.0496 79.7572 79.3750 87.1469 84.5725 56.5610 81.7274 55.0772 39.1064 37.4547 54.8223 151.7185 35.5470
51 28.4578 48.0141 53.9535 27.1603 59.5417 39.5066 167.6414 58.9254 51.3758 112.5968 92.6106 126.5915 84.6689 119.8515 134.6587 75.9776 133.2181 91.3353 100.5300 67.1084 45.5377 62.4093 50.8341 32.1802 61.8761 37.8198 92.2021 27.0306 199.9695 183.6658 38.1580 15.1468 14.6559 38.2006 97.4219 109.1467 149.8237 213.8720 168.1114 119.8032 121.5586 136.2771 157.2862 190.1588 125.8148 106.5443 108.0127 91.9870 126.3306 28.8199 33.2649 0.0000 40.4771 26.2402 60.8192 46.8002 37.7002 51.2896 29.7839 59.4684 69.3560 63.4404 59.9150 51.4125 23.3099 48.7552 68.7736 32.2363 52.1963 58.3601 157.8504 57.1545
52 41.7230 73.9044 50.5985 57.0912 54.9732 34.2901 192.2178 99.2099 87.0932 97.8334 81.3046 89.6380 49.6455 91.6331 101.4441 39.0577 98.2144 54.5131 60.4948 89.0487 74.6698 80.3050 46.9931 48.2010 39.2595 31.8129 84.2185 29.6440 168.8351 156.6982 36.7986 50.3299 43.2584 51.7984 112.4888 116.2245 133.3827 206.7428 186.9458 147.1165 147.6785 156.1098 131.6317 172.0819 144.5417 125.1342 130.2922 115.1335 133.4840 12.5018 24.8495 40.4771 0.0000 14.2375 101.2445 84.8885 78.1754 86.0388 69.4565 99.8872 101.4994 99.0578 100.2790 85.3992 60.1591 86.6140 79.8234 60.1453 62.2952 79.1525 176.5604 59.5683
53 32.1541 62.9953 47.9536 44.6480 53.1121 30.7297 182.8453 85.0293 73.9276 101.5454 83.3437 102.2861 61.2593 100.6892 112.6505 51.3903 110.0428 67.0329 74.5389 79.6066 62.9422 71.8584 44.2412 38.5987 44.3158 27.9197 84.8307 21.1846 179.2902 165.4744 31.9888 36.7699 30.3030 43.4432 105.5789 112.0255 137.9391 208.2758 179.4129 136.6901 137.6215 148.0863 139.7722 177.5013 136.7922 117.2521 121.2999 105.7249 129.4726 4.3664 20.5034 26.2402 14.2375 0.0000 87.0252 71.2243 63.9379 73.1980 55.3522 85.6591 89.4868 86.0888 86.0770 72.6377 46.4802 72.9441 73.7270 48.4105 55.7830 69.9869 169.2080 55.5664
54 76.0563 63.8678 99.8690 57.5302 104.4399 89.7248 148.7506 4.1334 40.3347 150.7588 130.5206 185.7566 141.8542 169.9319 188.4642 135.9089 191.0579 149.3951 160.7373 77.6222 57.3637 81.9051 98.2598 74.2526 117.1276 91.8447 132.0487 82.5909 253.5541 233.7764 86.6834 53.1968 61.4027 74.0225 107.9977 128.6213 191.3134 240.8918 160.0933 101.7368 105.8071 130.5166 207.0898 231.1117 123.8326 108.8767 103.1509 89.9478 142.5872 89.5952 88.5066 60.8192 101.2445 87.0252 0.0000 25.6308 23.4271 36.9320 34.7968 8.2208 48.2802 34.7198 2.1033 45.9226 46.9801 32.0932 88.7547 55.5893 82.0648 69.4752 143.2567 92.5518
55 69.8421 69.3221 95.8578 55.4291 101.0968 67.3712 169.9769 21.6643 52.3641 125.2263 105.0632 173.1423 120.5605 145.7342 165.1531 122.3320 180.0063 128.5401 141.9255 86.8266 63.3220 88.0035 93.4371 70.2826 108.1444 83.2386 131.9159 72.7766 246.3117 228.9478 64.0539 34.5592 42.0105 49.7124 119.0134 137.0291 191.1987 247.8919 178.5189 121.8467 125.3762 147.7384 202.3608 231.5572 139.6974 122.8359 119.2947 104.5612 152.5762 74.6046 68.0045 46.8002 84.8885 71.2243 25.6308 0.0000 22.0949 12.8016 33.0034 30.8574 29.8215 18.7786 23.6349 56.8759 43.5049 44.0795 63.2418 31.3884 56.6776 44.1216 126.9035 67.3622
56 53.4964 47.6123 78.3258 36.2009 83.2125 69.9872 150.5548 22.2323 30.7938 136.4489 115.9284 162.3856 120.5417 151.4813 168.6787 112.4818 167.8670 127.7539 138.0912 64.7618 41.4572 66.3311 76.3883 52.4433 94.1601 68.8327 112.5731 59.3238 231.3160 212.3621 67.3113 32.3167 40.4285 57.4980 96.9200 115.1575 172.0397 226.4223 157.5391 102.0256 105.2079 126.4398 185.6720 212.2232 118.0606 100.9089 97.8136 82.8098 130.5547 66.3458 67.3079 37.7002 78.1754 63.9379 23.4271 22.0949 0.0000 34.1830 12.5789 21.9282 51.9149 40.2551 22.8272 34.9739 24.7051 22.9702 78.8620 40.2045 68.1810 61.2274 148.9622 77.5121
57 77.0689 80.3665 103.3267 64.7873 108.7404 63.7759 182.7667 32.8087 64.8350 115.6574 95.8631 175.4447 117.0664 138.7853 159.2374 124.5668 183.1443 125.3698 140.3425 98.4337 74.6085 98.8960 100.6188 78.4056 113.1368 88.9562 140.3926 78.2207 251.0945 234.9225 60.2435 36.9806 42.9176 44.0318 130.7539 148.0885 199.2888 258.2122 191.2324 134.6482 138.1696 160.3662 208.4951 239.7031 152.1811 135.0881 131.8492 116.9681 163.9489 76.9987 66.3265 51.2896 86.0388 73.1980 36.9320 12.8016 34.1830 0.0000 43.8662 43.0434 19.0022 13.0909 34.8427 69.1548 53.0641 56.6692 52.2373 27.3339 48.2331 32.7861 115.0036 59.3071
58 41.3083 36.5092 65.8032 23.6220 70.6542 66.4623 146.2266 34.2569 25.4249 136.4625 115.9838 151.2885 114.3781 148.0704 163.9074 101.9398 156.3269 121.1157 129.8907 54.7480 30.7767 55.1039 63.9321 39.9427 82.3339 57.0667 100.0636 48.0355 219.0298 199.8588 64.2702 29.6398 36.7777 57.5995 87.1240 104.2519 159.5240 214.8889 150.9979 97.5953 100.2595 119.4617 173.1656 199.7391 110.3817 92.4421 90.6444 75.0813 120.0904 57.1987 62.0700 29.7839 69.4565 55.3522 34.7968 33.0034 12.5789 43.8662 0.0000 31.3071 62.4562 51.7001 34.5581 27.9256 12.2723 20.1869 82.7686 42.5148 69.8707 66.7082 158.7753 78.0234
59 71.8270 57.0191 94.6861 52.6665 99.0427 91.1914 141.0816 11.6155 32.7244 154.8044 134.4178 182.5256 142.3611 172.2331 190.0374 133.2382 187.3087 149.6386 159.9608 69.9683 50.5363 74.7110 93.3052 69.4416 113.1409 88.0305 125.7256 79.2944 248.5672 228.2127 88.3401 53.8158 62.0161 76.9196 100.0133 120.8714 184.7961 233.1718 152.0084 93.8086 97.8068 122.3359 201.5556 224.4171 115.6132 100.6924 94.9314 81.7538 134.6413 87.8928 89.0496 59.4684 99.8872 85.6591 8.2208 30.8574 21.9282 43.0434 31.3071 0.0000 55.8238 42.2970 9.9311 38.3739 42.9913 24.7904 93.9684 58.7109 86.0037 74.9637 151.3342 96.1433
60 95.8346 98.9417 122.0914 83.7756 127.5399 75.2587 196.9054 44.3445 81.8713 115.6273 97.1280 191.1317 127.2764 143.5713 165.4879 140.4660 199.4556 135.8667 152.5322 116.6384 93.0395 117.5599 119.3111 97.3401 130.8922 107.1710 159.3301 96.3861 268.4108 252.9363 71.6404 54.5316 59.3750 54.2039 148.8347 166.6889 218.1280 277.1150 207.0839 149.4592 153.2981 176.6980 226.6140 258.5429 169.0152 152.4636 148.4926 134.0387 182.3529 93.5105 79.7572 69.3560 101.4994 89.4868 48.2802 29.8215 51.9149 19.0022 62.4562 55.8238 0.0000 13.5604 46.2457 86.5591 72.0204 73.4348 50.9675 41.3550 53.5754 33.0577 97.1986 64.4959
61 88.0640 87.8204 114.2185 74.1851 119.5245 76.5511 183.3721 30.7905 69.3191 124.5930 105.3309 188.3702 129.7106 149.8576 170.8589 137.4778 195.9138 138.0829 153.3313 104.8926 81.7089 106.5323 111.6856 88.8165 125.2915 100.7674 150.5900 90.1240 263.4095 246.7325 72.9884 49.6021 55.8651 56.3792 136.8654 155.4122 209.8044 266.5411 193.8169 136.0127 139.9012 163.5988 220.2183 250.1843 156.1305 139.9018 135.5458 121.3251 170.7293 89.8229 79.3750 63.4404 99.0578 86.0888 34.7198 18.7786 40.2551 13.0909 51.7001 42.2970 13.5604 0.0000 32.6862 74.2166 62.2666 60.7901 60.0664 40.3142 59.0137 40.8589 109.9496 70.1695
62 75.8651 64.5783 99.9380 57.5681 104.5747 88.1890 150.7394 2.0347 41.4400 148.8137 128.5962 185.2110 140.4682 168.2220 186.8705 135.2368 190.6524 148.0580 159.6083 78.6972 58.0774 82.7436 98.2581 74.2373 116.8215 91.5131 132.4938 82.1296 253.5050 233.9207 85.1161 51.8822 60.0688 72.2605 109.2790 129.7319 191.8167 241.9685 161.9273 103.6476 107.6873 132.2618 207.2288 231.6812 125.4823 110.3776 104.8016 91.4708 143.8309 88.7226 87.1469 59.9150 100.2790 86.0770 2.1033 23.6349 22.8272 34.8427 34.5581 9.9311 46.2457 32.6862 0.0000 46.9824 46.8015 33.0883 86.7065 53.8150 80.1510 67.4112 141.4144 90.6778
63 46.7002 20.3993 63.0309 28.3503 66.3136 90.7475 118.4971 47.9085 5.6739 162.8059 142.4655 156.3373 133.8635 171.1114 184.9510 110.7161 158.9968 139.6120 144.8957 31.7148 14.6802 36.6106 62.7050 41.6857 85.7425 63.0485 89.2759 57.7805 215.3502 193.3217 89.0860 56.2529 62.3021 84.6789 62.8403 82.7584 147.5974 194.9873 123.2228 69.9395 72.4302 91.8291 166.8733 186.8065 83.1571 65.9636 63.0721 47.8627 97.1368 73.0017 84.5725 51.4125 85.3992 72.6377 45.9226 56.8759 34.9739 69.1548 27.9256 38.3739 86.5591 74.2166 46.9824 0.0000 28.1718 13.9335 110.6855 70.3792 97.4241 94.4927 183.7455 105.0481
64 29.0766 29.1146 53.6281 11.9278 58.5593 62.5766 145.5855 46.5271 28.1267 134.9324 114.6913 139.5826 107.0700 143.1494 157.6159 90.7246 144.3415 113.3080 120.5944 48.4614 24.7544 46.7197 51.6910 27.7403 70.2363 45.0510 88.5360 36.4671 206.7577 187.6570 60.9512 29.4157 34.5377 57.6886 80.4891 95.8043 147.9297 205.1691 147.9002 97.3455 99.4117 116.0920 160.9670 188.2296 106.2610 87.5450 87.3993 71.4421 112.2102 47.6814 56.5610 23.3099 60.1591 46.4802 46.9801 43.5049 24.7051 53.0641 12.2723 42.9913 72.0204 62.2666 46.8015 28.1718 0.0000 26.4722 85.7262 45.5922 71.0328 71.5311 166.9730 77.8178
65 51.9789 32.3568 72.1745 32.2196 76.0908 86.5394 127.7537 33.9811 8.5882 156.5179 136.0169 163.2995 133.2726 168.0335 183.3995 115.7718 166.9491 139.6651 147.0058 45.6296 25.9264 49.9262 71.2613 48.2523 92.8772 68.6676 101.3565 61.5529 225.7705 204.5981 84.4138 49.8014 56.9419 77.5093 76.6650 96.6829 160.2134 208.8879 134.6523 79.1606 82.2644 103.6972 178.0142 199.7190 95.6404 79.1125 75.2152 60.6044 111.0388 74.1252 81.7274 48.7552 86.6140 72.9441 32.0932 44.0795 22.9702 56.6692 20.1869 24.7904 73.4348 60.7901 33.0883 13.9335 26.4722 0.0000 101.2245 61.5688 89.3566 84.0285 170.6069 97.9011
66 96.2580 114.5128 119.3727 94.2742 124.8900 45.6560 228.8353 84.6917 107.9369 64.7269 46.2721 163.4837 86.5449 94.1688 117.1756 116.3810 174.2320 95.2783 115.1758 133.9697 110.4802 130.6363 115.8166 100.7560 117.6818 100.0797 157.5176 90.4686 246.6622 236.2352 43.0278 56.6429 54.1198 31.3465 165.4287 177.9199 211.6581 280.7470 233.3643 180.1877 182.9888 201.6365 211.4151 251.0970 191.9724 173.2469 172.8490 156.9978 195.0933 78.0130 55.0772 68.7736 79.8234 73.7270 88.7547 63.2418 78.8620 52.2373 82.7686 93.9684 50.9675 60.0664 86.7065 110.6855 85.7262 101.2245 0.0000 40.3919 17.9507 19.4870 96.9396 21.9546
67 60.6702 74.6163 86.0799 54.9497 91.6805 36.6075 188.7337 52.0217 67.8499 96.4155 75.9324 149.7768 89.9801 114.4981 133.7662 99.1330 158.1798 98.1929 113.0214 94.0290 70.2964 91.4496 82.8689 63.9783 91.1340 68.8803 124.4061 58.2045 227.6733 213.1994 33.1390 17.6779 19.1675 18.4529 125.8653 139.7471 181.6441 245.9758 192.9822 140.0945 142.7711 161.2720 187.1588 221.8866 151.7004 133.1139 132.4739 116.6489 156.6269 52.5533 39.1064 32.2363 60.1453 48.4105 55.5893 31.3884 40.2045 27.3339 42.5148 58.7109 41.3550 40.3142 53.8150 70.3792 45.5922 61.5688 40.3919 0.0000 27.9827 26.5329 125.6141 37.5287
68 78.9873 99.1830 101.6087 78.5597 107.1027 28.5382 215.9201 78.2349 95.2956 68.8026 48.4672 147.7423 75.0380 90.8442 112.1099 99.5991 158.0250 83.7739 102.2262 118.5887 95.6414 114.5402 98.0287 83.7585 99.8064 82.2055 139.6666 72.7226 230.0627 218.9395 25.5892 41.6196 37.7110 14.0245 149.5091 161.0920 193.7198 262.9712 218.9054 167.3495 169.8203 187.0774 193.9223 233.1991 177.0491 158.0395 158.4249 142.4482 178.3678 60.0763 37.4547 52.1963 62.2952 55.7830 82.0648 56.6776 68.1810 48.2331 69.8707 86.0037 53.5754 59.0137 80.1510 97.4241 71.0328 89.3566 17.9507 27.9827 0.0000 21.5170 114.2654 11.1560
69 86.7933 100.6456 111.6873 81.3571 117.2912 47.6517 211.7619 65.3875 91.2447 83.7359 64.5708 167.0492 96.5300 110.5171 132.5741 117.7277 176.7272 105.2564 123.4085 119.9534 95.9982 117.8144 108.3458 90.3747 114.1518 93.6028 150.1101 83.2080 247.9693 235.3243 44.2214 44.1905 44.2901 27.4079 152.0093 166.2583 206.4912 272.2299 217.6905 163.1886 166.2429 186.1688 209.7419 246.5250 176.9742 158.7058 157.3494 141.7270 183.0971 74.3434 54.8223 58.3601 79.1525 69.9869 69.4752 44.1216 61.2274 32.7861 66.7082 74.9637 33.0577 40.8589 67.4112 94.4927 71.5311 84.0285 19.4870 26.5329 21.5170 0.0000 100.0325 31.8858
70 186.2682 195.1752 211.5904 178.1315 217.1961 142.5595 291.0008 139.7414 179.0650 126.4260 121.1232 259.3661 177.6948 167.6260 191.9509 213.2632 270.6136 185.9399 207.4568 213.4349 189.5515 213.5133 208.2990 189.2958 213.5216 193.6303 249.9777 183.2325 343.3291 333.1492 139.8053 143.0496 144.1958 125.7663 245.7557 262.7144 306.4862 371.2805 303.3416 244.8700 249.0350 273.4541 308.1861 346.4382 266.0794 249.6621 245.4929 231.2066 278.8261 173.5696 151.7185 157.8504 176.5604 169.2080 143.2567 126.9035 148.9622 115.0036 158.7753 151.3342 97.1986 109.9496 141.4144 183.7455 166.9730 170.6069 96.9396 125.6141 114.2654 100.0325 0.0000 118.3676
71 82.1178 105.0284 102.9728 84.1913 108.3188 25.4182 223.3350 88.7931 103.3426 58.9387 38.4269 141.5694 65.5842 79.6882 101.0455 94.9448 152.4264 74.3478 93.6519 124.2408 102.0087 119.3653 99.3044 87.4176 98.3364 83.1097 140.3744 74.4537 224.9939 215.1564 23.5970 48.7954 43.4447 20.4256 154.3850 164.5893 192.6228 263.8317 225.1207 174.9259 177.1648 193.2717 190.6552 231.5963 182.9289 163.6934 164.8234 148.7961 181.9890 59.6268 35.5470 57.1545 59.5683 55.5664 92.5518 67.3622 77.5121 59.3071 78.0234 96.1433 64.4959 70.1695 90.6778 105.0481 77.8178 97.9011 21.9546 37.5287 11.1560 31.8858 118.3676 0.0000
;

end;