# Archivo de datos para el modelo de Enrutamiento de Vehículos (N=100 Clientes)

param N := 100;
param K := 40;
param T := 5;

param Q :=
1 5000
2 5000
3 5000
4 5000
5 5000
6 5000
7 5000
8 5000
9 5000
10 5000
11 5000
12 5000
13 10000
14 10000
15 10000
16 10000
17 10000
18 10000
19 10000
20 10000
21 10000
22 10000
23 10000
24 10000
25 10000
26 10000
27 15000
28 15000
29 15000
30 15000
31 15000
32 15000
33 15000
34 15000
35 15000
36 15000
37 15000
38 15000
39 15000
40 15000
;

# Demands
# Note i = 0 is the depot
param w :=
0 0
1 464
2 475
3 514
4 514
5 514
6 461
7 606
8 382
9 745
10 183
11 502
12 368
13 368
14 408
15 408
16 408
17 408
18 408
19 408
20 222
21 320
22 260
23 266
24 139
25 74
26 355
27 266
28 139
29 226
30 207
31 226
32 139
33 320
34 355
35 260
36 222
37 320
38 320
39 139
40 260
41 355
42 464
43 464
44 464
45 475
46 475
47 514
48 514
49 514
50 514
51 514
52 514
53 461
54 461
55 461
56 461
57 606
58 606
59 826
60 826
61 382
62 624
63 624
64 624
65 195
66 195
67 195
68 195
69 297
70 426
71 426
72 426
73 426
74 426
75 745
76 745
77 745
78 745
79 745
80 745
81 745
82 745
83 745
84 955
85 955
86 955
87 955
88 183
89 183
90 183
91 221
92 2428
93 2428
94 2428
95 1916
96 265
97 265
98 265
99 265
100 265
;

param W :=
0 0
1 1546
2 1583
3 1713
4 1713
5 1713
6 1536
7 2021
8 1274
9 2483
10 609
11 1672
12 1227
13 1227
14 1361
15 1361
16 1361
17 1361
18 1361
19 1361
20 740
21 1065
22 867
23 888
24 464
25 247
26 1184
27 888
28 464
29 755
30 690
31 755
32 464
33 1065
34 1184
35 867
36 740
37 1065
38 1065
39 464
40 867
41 1184
42 1546
43 1546
44 1546
45 1583
46 1583
47 1713
48 1713
49 1713
50 1713
51 1713
52 1713
53 1536
54 1536
55 1536
56 1536
57 2021
58 2021
59 2753
60 2753
61 1274
62 2080
63 2080
64 2080
65 651
66 651
67 651
68 651
69 990
70 1420
71 1420
72 1420
73 1420
74 1420
75 2483
76 2483
77 2483
78 2483
79 2483
80 2483
81 2483
82 2483
83 2483
84 3182
85 3182
86 3182
87 3182
88 609
89 609
90 609
91 736
92 8095
93 8095
94 8095
95 6385
96 883
97 883
98 883
99 883
100 883
;

param serv :=
0 0
1 33
2 33
3 33
4 33
5 33
6 33
7 34
8 32
9 35
10 31
11 33
12 32
13 32
14 32
15 32
16 32
17 32
18 32
19 32
20 31
21 32
22 31
23 31
24 30
25 30
26 32
27 31
28 30
29 31
30 31
31 31
32 30
33 32
34 32
35 31
36 31
37 32
38 32
39 30
40 31
41 32
42 33
43 33
44 33
45 33
46 33
47 33
48 33
49 33
50 33
51 33
52 33
53 33
54 33
55 33
56 33
57 34
58 34
59 35
60 35
61 32
62 34
63 34
64 34
65 31
66 31
67 31
68 31
69 32
70 32
71 32
72 32
73 32
74 32
75 35
76 35
77 35
78 35
79 35
80 35
81 35
82 35
83 35
84 36
85 36
86 36
87 36
88 31
89 31
90 31
91 31
92 47
93 47
94 47
95 43
96 31
97 31
98 31
99 31
100 31
;

param early :=
0 0
1 480
2 480
3 480
4 480
5 480
6 480
7 480
8 480
9 480
10 480
11 480
12 480
13 480
14 0
15 480
16 480
17 480
18 480
19 480
20 480
21 480
22 480
23 480
24 480
25 480
26 480
27 480
28 480
29 480
30 480
31 480
32 480
33 480
34 480
35 480
36 480
37 480
38 480
39 480
40 480
41 0
42 0
43 480
44 480
45 480
46 480
47 0
48 480
49 480
50 480
51 480
52 480
53 0
54 480
55 480
56 480
57 480
58 420
59 0
60 480
61 480
62 0
63 480
64 480
65 480
66 480
67 480
68 480
69 480
70 0
71 480
72 480
73 480
74 480
75 480
76 480
77 480
78 480
79 480
80 480
81 480
82 480
83 0
84 480
85 480
86 480
87 0
88 480
89 480
90 480
91 480
92 480
93 480
94 480
95 450
96 480
97 480
98 480
99 480
100 480
;

param late :=
0 1440
1 930
2 1200
3 1200
4 960
5 1200
6 1200
7 930
8 960
9 1200
10 1200
11 960
12 960
13 960
14 1439
15 960
16 960
17 960
18 930
19 930
20 960
21 960
22 1200
23 1200
24 960
25 960
26 960
27 960
28 960
29 1200
30 960
31 960
32 960
33 960
34 960
35 930
36 960
37 960
38 1200
39 960
40 960
41 1439
42 1439
43 930
44 930
45 930
46 930
47 1439
48 930
49 930
50 960
51 960
52 930
53 1439
54 930
55 960
56 930
57 960
58 960
59 1439
60 930
61 930
62 1439
63 1200
64 930
65 930
66 930
67 930
68 930
69 1200
70 1439
71 930
72 930
73 930
74 930
75 930
76 930
77 930
78 930
79 930
80 930
81 930
82 960
83 1439
84 960
85 960
86 930
87 1439
88 930
89 930
90 960
91 960
92 960
93 960
94 960
95 960
96 930
97 960
98 930
99 930
100 930
;

param duedate :=
0 5
1 5
2 5
3 5
4 5
5 5
6 5
7 5
8 5
9 5
10 5
11 5
12 5
13 5
14 5
15 5
16 5
17 5
18 5
19 5
20 5
21 5
22 5
23 5
24 5
25 5
26 5
27 5
28 5
29 5
30 5
31 5
32 5
33 5
34 5
35 5
36 5
37 5
38 5
39 5
40 5
41 5
42 5
43 5
44 5
45 5
46 5
47 5
48 5
49 5
50 5
51 5
52 5
53 5
54 5
55 5
56 5
57 5
58 5
59 5
60 5
61 5
62 5
63 5
64 5
65 5
66 5
67 5
68 5
69 5
70 5
71 5
72 5
73 5
74 5
75 5
76 5
77 5
78 5
79 5
80 5
81 5
82 5
83 5
84 5
85 5
86 5
87 5
88 5
89 5
90 5
91 5
92 5
93 5
94 5
95 5
96 5
97 5
98 5
99 5
100 5
;

# Matriz de Tiempo / Distancias (c[i,j])
# La matriz es de 101x101 (nodos 0 a 100)
param c :
0 1 2 3 4 5 6 7 8 9 10 11 12 13 14 15 16 17 18 19 20 21 22 23 24 25 26 27 28 29 30 31 32 33 34 35 36 37 38 39 40 41 42 43 44 45 46 47 48 49 50 51 52 53 54 55 56 57 58 59 60 61 62 63 64 65 66 67 68 69 70 71 72 73 74 75 76 77 78 79 80 81 82 83 84 85 86 87 88 89 90 91 92 93 94 95 96 97 98 99 100 :=
0 0.0000 46.4348 123.3350 2.9425 45.0279 4.9050 79.0135 124.3906 149.4961 102.4853 70.4862 172.0049 147.8288 130.6969 160.6807 142.6501 159.3193 177.7792 133.4602 138.1242 91.5865 95.2006 142.7851 139.6206 128.5674 139.0159 157.4854 145.6757 128.5674 128.8233 136.9899 127.2331 114.9475 52.3052 141.2631 184.4978 93.2330 97.4307 93.9254 96.1986 126.8474 174.3194 51.7945 51.3238 40.9225 135.7753 116.1801 4.8195 28.4335 23.2360 20.4692 37.2016 29.9944 80.1295 70.7729 68.8576 89.0891 130.5691 122.6701 66.1382 66.4787 140.2927 108.9422 108.1640 110.8223 98.9299 80.3586 88.1542 75.0986 83.5752 44.5883 68.7836 55.6452 50.0904 48.2858 102.5508 98.1457 80.8721 105.4100 68.3757 97.4409 124.1158 116.4330 102.5941 205.7554 166.5307 173.6835 119.1395 65.9638 56.1670 75.0367 229.0508 163.8468 153.6448 148.6575 134.2077 120.3452 87.6571 102.5218 113.0774 103.5788
1 46.4348 0.0000 76.9413 43.4934 20.8584 46.3397 86.6498 82.3613 120.4675 65.1421 25.6670 158.9702 160.2511 140.4656 157.9998 137.0925 148.6155 174.8452 133.9084 137.5298 137.6969 123.4927 188.7955 163.6196 170.1306 185.4168 199.0083 175.2333 170.1306 167.8896 175.7112 162.4135 157.8739 94.0935 185.5012 230.8149 139.6675 128.3217 131.0437 139.8396 173.1192 217.6039 19.4574 6.5041 18.7187 89.4398 70.6930 43.6330 26.1626 67.4930 47.0305 69.1187 44.4603 85.7590 57.8908 61.7026 85.4588 87.9953 77.5516 51.3845 67.7482 120.1123 73.7103 74.8002 88.2708 77.9327 58.8577 60.0428 44.0393 83.6516 62.2188 78.7428 48.0141 73.9044 62.9953 63.8678 69.3221 47.6123 80.3665 36.5092 57.0191 98.9417 87.8204 64.5783 162.0479 121.0062 138.0033 74.1361 20.3993 29.1146 32.3568 182.9921 122.1711 113.3469 108.2447 117.8695 114.5128 74.6163 99.1830 100.6456 105.0284
2 123.3350 76.9413 0.0000 120.3925 84.4050 123.2413 135.8159 39.2662 109.0150 54.6000 54.0886 162.2696 200.7418 180.3618 178.1784 156.8016 157.8167 192.1366 162.9048 164.3687 214.0858 185.1513 264.9397 217.3678 241.7323 262.3470 270.0669 234.2753 241.7323 237.0752 244.3294 227.9499 231.0178 167.9750 259.6414 307.3617 216.5465 191.8769 199.8368 213.9224 249.6445 290.3976 78.8217 72.1423 88.2137 16.7172 16.4676 120.2999 99.2442 143.4929 120.4215 142.0024 114.1041 133.1892 98.1016 106.0891 122.6976 38.5329 19.1247 98.3806 121.9653 127.1437 68.8825 74.0738 102.6851 100.2025 92.0654 81.6016 75.0921 131.0153 126.9244 132.5081 100.5453 139.3939 125.5836 50.5232 76.0862 65.8866 87.3343 70.7804 45.9442 96.0957 82.9932 52.5784 98.2495 51.9653 104.5948 27.9526 57.7509 79.2441 52.8600 106.5782 64.6534 63.2232 59.2949 124.9621 139.2767 104.6040 131.9393 119.9870 142.0760
3 2.9425 43.4934 120.3925 0.0000 42.3733 5.6058 78.6300 121.6048 147.4500 99.8552 67.5693 170.7604 148.1357 130.7688 160.0339 141.7764 158.1835 177.1548 132.9287 137.5430 94.4867 96.5065 145.6794 140.7347 131.0628 141.9580 159.9957 147.2229 131.0628 131.1069 139.2535 129.1927 117.5524 54.6860 143.9968 187.4237 96.1749 98.9609 95.9810 98.8554 129.7674 176.9818 49.1113 48.3870 38.2818 132.8425 113.2629 3.7170 25.8915 25.7767 20.0347 38.4265 28.9051 79.6191 69.0404 67.4132 88.0640 127.7656 119.7667 64.3798 65.6692 138.7078 106.4994 105.8053 109.0087 97.1403 78.4178 85.9556 72.6915 82.8894 44.4106 68.4492 53.9535 50.5985 47.9536 99.8690 95.8578 78.3258 103.3267 65.8032 94.6861 122.0914 114.2185 99.9380 202.9753 163.6455 171.3169 116.2714 63.0309 53.6281 72.1745 226.1194 161.0985 150.9527 145.9569 132.6807 119.3727 86.0799 101.6087 111.6873 102.9728
4 45.0279 20.8584 84.4050 42.3733 0.0000 47.0983 66.0745 79.7702 140.8269 57.4862 30.5944 140.4001 139.5606 119.6893 137.6508 116.9846 129.4585 154.5888 113.2026 116.9071 131.1596 105.8921 181.4353 144.4086 157.6361 181.1336 186.1856 157.2670 157.6361 153.8299 161.3654 146.5451 146.6310 83.6598 175.2496 224.3390 135.1453 111.4289 116.5962 129.5529 166.7751 206.0952 40.0869 18.8284 36.5060 99.0170 74.4033 40.7385 16.7795 60.9329 36.4527 76.6372 29.7571 65.0469 37.6921 40.9458 64.7444 86.0889 80.1847 71.1548 85.0470 140.9691 93.4021 94.8820 109.1289 98.7405 79.5619 80.8595 64.8380 101.7594 44.7495 58.5854 27.1603 57.0912 44.6480 57.5302 55.4291 36.2009 64.7873 23.6220 52.6665 83.7756 74.1851 57.5681 175.9910 132.7503 156.8059 87.8003 28.3503 11.9278 32.2196 187.3032 118.9690 108.6297 103.6536 99.7833 94.2742 54.9497 78.5597 81.3571 84.1913
5 4.9050 46.3397 123.2413 5.6058 47.0983 0.0000 83.8319 125.8309 145.8818 104.5537 71.0689 176.3495 152.7280 135.5996 165.4063 147.2573 163.7507 182.5153 138.2326 142.8771 92.7681 99.7346 143.9728 144.2638 131.4363 139.2400 160.3002 149.9981 131.4363 132.1606 140.3608 131.0972 117.5217 55.5542 143.3667 185.3035 93.6915 101.7865 97.6746 98.6262 127.7696 176.6735 49.8295 51.6341 38.8762 135.2498 116.6988 9.0743 30.9104 26.3354 25.2362 32.8267 34.4392 84.9049 74.6175 73.0185 93.5964 131.9171 123.3368 62.1922 61.7450 136.0905 106.1320 105.1587 106.8972 94.9829 76.6368 84.8470 72.2509 78.7819 49.4512 73.6147 59.5417 54.9732 53.1121 104.4399 101.0968 83.2125 108.7404 70.6542 99.0427 127.5399 119.5245 104.5747 204.0039 165.4290 170.6570 117.9380 66.3136 58.5593 76.0908 229.3068 165.4430 155.4715 150.4536 138.2842 124.8900 91.6805 107.1027 117.2912 108.3188
6 79.0135 86.6498 135.8159 78.6300 66.0745 83.8319 0.0000 112.9475 206.8973 86.5983 90.2696 99.1158 73.6621 54.2472 82.1804 65.9196 85.2484 99.1411 54.6279 59.4434 119.5514 53.3747 160.8243 81.7030 120.7224 170.8680 145.7717 98.8549 120.7224 111.1954 116.9610 97.2445 115.7176 71.0613 145.0172 203.7371 129.5947 61.6026 77.2790 104.7835 151.0313 169.2332 105.0995 84.7903 98.8771 152.3349 121.1828 74.9248 65.8106 72.9182 58.6130 115.4603 50.8168 3.6184 37.7149 29.8335 21.1570 119.3139 123.9662 133.5738 141.8652 206.1372 159.2512 160.9014 174.4259 163.5702 144.0829 146.6048 130.6497 159.3255 34.5837 10.2817 39.5066 34.2901 30.7297 89.7248 67.3712 69.9872 63.7759 66.4623 91.1914 75.2587 76.5511 88.1890 233.3953 187.6434 221.6646 147.7151 90.7475 62.5766 86.5394 224.1904 142.8953 130.1372 126.4576 69.0579 45.6560 36.6075 28.5382 47.6517 25.4182
7 124.3906 82.3613 39.2662 121.6048 79.7702 125.8309 112.9475 0.0000 146.8985 26.6450 56.8938 123.7547 170.1780 150.3606 142.2660 121.4888 120.2369 155.2836 129.9500 130.6920 209.5077 165.5810 258.6714 191.9905 228.4049 260.3118 255.5486 211.2799 228.4049 221.3918 227.9458 209.4627 219.8338 159.9364 249.3016 302.0122 214.4293 173.2566 184.9581 204.5129 244.9219 277.6125 92.7305 76.0248 99.0051 53.4455 24.7195 120.3240 96.5321 140.2804 115.1404 151.4722 106.2547 109.7694 77.1564 85.3141 95.9652 6.6305 20.1490 120.1982 142.4419 162.4765 103.2563 108.0202 135.2314 130.4463 118.1582 110.1854 99.3800 154.7491 113.8566 112.3344 85.0991 125.5328 111.3121 24.2887 46.2583 47.5644 54.5237 58.2211 27.1474 58.9986 46.8945 25.3500 131.2653 85.1777 143.8530 65.9399 62.4777 70.0895 50.1902 112.0548 39.8292 31.6600 26.6123 88.1540 106.3312 77.5919 102.3835 86.8670 113.2850
8 149.4961 120.4675 109.0150 147.4500 140.8269 145.8818 206.8973 146.8985 0.0000 152.5967 120.9120 263.7879 280.2332 260.1511 271.7674 250.0465 256.5929 287.6912 250.5345 253.4729 230.1937 241.5376 278.7271 283.4339 276.2339 265.1203 304.7558 293.2064 276.2339 277.9369 286.1647 276.6221 261.4243 201.3646 284.6179 314.6661 225.8595 245.2020 243.4161 242.2440 261.1149 318.8624 103.3006 122.1313 112.0136 100.5530 122.1850 150.0733 144.3966 172.1789 161.5445 139.2491 162.7508 205.7761 174.6000 180.1171 203.0522 147.2675 127.4591 84.1731 95.4011 30.1215 48.6488 46.1748 40.8173 52.3167 69.2903 62.0068 77.1573 87.7164 181.4917 199.2057 167.6414 192.2178 182.8453 148.7506 169.9769 150.5548 182.7667 146.2266 141.0816 196.9054 183.3721 150.7394 98.2347 94.6030 35.7399 81.2027 118.4971 145.5855 127.7537 176.7404 171.7367 172.0030 168.2515 223.3615 228.8353 188.7337 215.9201 211.7619 223.3350
9 102.4853 65.1421 54.6000 99.8552 57.4862 104.5537 86.5983 26.6450 152.5967 0.0000 42.4195 111.3856 146.8704 126.6694 124.0181 102.4742 105.1998 138.5050 108.3430 109.7687 184.5210 139.0044 233.1022 166.4707 201.8807 235.7685 228.9375 185.2188 201.8807 194.7564 201.3009 182.8608 193.5374 134.4347 223.0606 276.5315 190.0945 146.6376 158.3765 178.5165 219.7408 251.0882 79.6101 58.6510 83.4204 71.0927 38.2433 98.1076 74.0876 116.3717 91.0484 132.7663 81.5459 83.4979 50.5116 58.6739 70.4731 33.2069 38.8507 110.3878 130.6640 163.6075 105.4170 109.4223 133.8475 126.9674 111.7102 106.2906 92.8302 144.8950 87.7449 85.7164 58.9254 99.2099 85.0293 4.1334 21.6643 22.2323 32.8087 34.2569 11.6155 44.3445 30.7905 2.0347 152.1662 105.6306 155.5599 75.6780 47.9085 46.5271 33.9811 138.6830 62.6183 51.4963 46.6524 71.8926 84.6917 52.0217 78.2349 65.3875 88.7931
10 70.4862 25.6670 54.0886 67.5693 30.5944 71.0689 90.2696 56.8938 120.9120 42.4195 0.0000 146.2545 161.5436 141.1155 151.0228 129.3775 137.5331 167.1808 129.7241 132.5790 160.2604 134.9443 210.9730 171.2211 188.2304 209.2052 216.7707 185.6949 188.2304 184.3003 191.7734 176.4867 177.1410 113.9185 205.6261 253.5605 163.2556 140.9552 147.0429 159.8869 195.8658 236.6573 37.2893 19.6055 42.2666 68.4306 45.6938 67.0429 45.1919 89.6443 66.3342 94.7208 60.3422 88.4090 54.6819 61.2289 82.9198 62.3990 52.2685 68.0948 88.2962 126.8020 72.2639 75.0827 95.6467 87.3512 70.6088 67.0332 52.2020 102.5081 74.6148 84.6400 51.3758 87.0932 73.9276 40.3347 52.3641 30.7938 64.8350 25.4249 32.7244 81.8713 69.3191 41.4400 146.0275 102.2602 131.9037 58.2859 5.6739 28.1267 8.5882 158.6589 96.6389 88.1617 83.0562 104.9720 107.9369 67.8499 95.2956 91.2447 103.3426
11 172.0049 158.9702 162.2696 170.7604 140.4001 176.3495 99.1158 123.7547 263.7879 111.3856 146.2545 0.0000 88.2933 79.5801 37.2545 35.9989 14.2827 39.2645 54.1823 49.5562 215.4880 134.3413 250.3280 128.1396 202.0315 264.9381 220.1833 152.6137 202.0315 188.2178 190.9000 168.7664 202.5181 169.5440 229.2054 290.9186 226.7372 142.7124 164.0179 196.5368 243.6499 245.0162 177.9760 153.8790 176.6573 177.1821 146.1934 167.3350 149.8753 170.8955 152.1189 209.1671 142.0172 96.4986 103.6476 103.5841 83.4080 126.6030 143.5383 210.2893 225.4412 272.8353 216.0085 219.6547 241.8889 233.4593 215.8952 213.2758 198.1530 242.1133 131.0358 108.5238 117.8283 133.2967 126.7008 115.3497 94.3495 115.4640 81.6062 123.5047 122.7823 67.0789 80.6350 113.3056 252.8646 207.9310 266.1763 186.4499 150.3023 130.0026 138.2196 205.3317 125.4541 115.1975 115.3354 41.3564 53.4757 85.9698 71.1479 59.5006 74.6010
12 147.8288 160.2511 200.7418 148.1357 139.5606 152.7280 73.6621 170.1780 280.2332 146.8704 161.5436 88.2933 0.0000 20.5295 51.5205 58.7707 76.7124 59.2247 42.6730 44.3301 151.9645 67.0072 175.1206 41.4873 122.8952 194.8881 136.1616 65.5874 122.8952 107.4687 108.2595 86.8834 127.7590 119.0444 150.3957 212.0520 165.2939 72.6429 94.1735 127.8708 172.5144 160.7144 178.7596 158.1296 172.3365 217.4414 184.7741 144.4608 139.0576 134.9499 128.5183 181.5243 122.7043 74.5137 106.8850 100.5058 79.1090 175.5891 185.6904 206.7728 213.3409 279.7635 232.2385 234.1243 248.0769 237.1689 217.6572 220.2497 204.2782 230.7398 104.3596 82.3562 112.5968 97.8334 101.5454 150.7588 125.2263 136.4489 115.6574 136.4625 154.8044 115.6273 124.5930 148.8137 298.8813 252.3823 293.4376 216.8772 162.8059 134.9324 156.5179 273.6337 189.4500 176.9086 174.7894 90.9206 64.7269 96.4155 68.8026 83.7359 58.9387
13 130.6969 140.4656 180.3618 130.7688 119.6893 135.5996 54.2472 150.3606 260.1511 126.6694 141.1155 79.5801 20.5295 0.0000 46.2660 45.7067 66.3678 59.1181 27.2528 30.7401 145.0809 59.6220 173.7506 49.8936 123.5226 191.1424 140.6309 74.0616 123.5226 109.1442 111.4550 89.3519 125.7608 107.0482 150.9771 212.9193 157.8020 66.9613 89.0171 122.8029 169.0944 165.4606 159.1815 138.1360 153.1233 197.0698 164.4557 127.0612 120.0221 119.7017 110.8811 165.5178 104.3192 54.7561 86.4383 80.1965 58.5821 155.9001 165.5153 187.7985 195.3667 260.2814 212.0343 214.0070 228.5239 217.7543 198.2891 200.5069 184.5032 212.8158 86.4920 63.4881 92.6106 81.3046 83.3437 130.5206 105.0632 115.9284 95.8631 115.9838 134.4178 97.1280 105.3309 128.5962 278.5476 232.0720 272.9888 196.3480 142.4655 114.6913 136.0169 255.2826 171.1223 158.4454 156.0856 74.3236 46.2721 75.9324 48.4672 64.5708 38.4269
14 160.6807 157.9998 178.1784 160.0339 137.6508 165.4063 82.1804 142.2660 271.7674 124.0181 151.0228 37.2545 51.5205 46.2660 0.0000 21.7842 27.8776 17.1609 27.7864 22.7781 189.5058 105.0084 219.9582 92.2733 169.7171 236.8088 185.8739 116.6857 169.7171 155.1471 157.0717 135.0855 171.9551 147.6229 197.2027 259.1521 201.7321 112.7633 134.7211 168.2731 214.9165 210.6398 177.4568 154.0118 173.8865 194.2419 161.7115 156.3772 143.2526 154.7371 140.2129 197.4810 131.3811 80.6674 100.1097 97.0974 73.5436 146.4464 160.6492 208.7746 220.5989 276.8465 223.1551 226.1022 245.1411 235.5048 216.7671 216.3428 200.5122 237.8852 116.6704 92.4423 111.6703 115.5433 112.6562 128.1515 103.5503 121.2988 91.3099 126.0540 134.3089 83.3444 95.5795 126.0511 273.5224 227.3899 278.8497 199.2730 153.9765 129.2575 144.0145 235.2525 152.4809 140.8905 139.9289 54.3200 43.5327 83.8695 59.5191 60.0964 57.1143
15 142.6501 137.0925 156.8016 141.7764 116.9846 147.2573 65.9196 121.4888 250.0465 102.4742 129.3775 35.9989 58.7707 45.7067 21.7842 0.0000 21.8247 37.9042 18.7919 15.0160 179.8651 98.3639 214.3477 95.4975 166.4018 229.0264 185.3839 119.7563 166.4018 152.8763 155.9061 133.7804 166.5718 134.9218 193.4585 255.0775 191.3491 106.7696 128.0217 160.5775 207.6796 210.2006 156.5396 132.9040 153.3956 172.9779 140.3364 138.1848 123.5633 138.7746 122.2811 179.7517 112.9015 63.7986 79.3060 76.9469 53.9867 125.9308 139.5087 188.1322 200.7467 255.4503 201.4497 204.4402 223.8009 214.3109 195.7168 194.9845 179.2148 217.9192 99.5838 75.8945 91.6007 100.1377 95.3846 106.6051 81.8382 99.5416 69.7013 104.5247 112.6377 62.9416 74.6229 104.5087 252.7182 206.4419 257.1001 177.5754 132.4276 108.1740 122.2947 217.9567 134.3084 122.2831 120.9043 34.6732 22.8272 62.6169 40.1863 38.3226 40.5724
16 159.3193 148.6155 157.8167 158.1835 129.4585 163.7507 85.2484 120.2369 256.5929 105.1998 137.5331 14.2827 76.7124 66.3678 27.8776 21.8247 0.0000 35.8568 40.2972 35.8864 201.2154 120.1841 236.1646 115.5691 188.1388 250.6628 206.7376 139.9985 188.1388 174.4865 177.3492 155.2119 188.3964 155.4382 215.2402 276.8882 212.4955 128.5942 149.8241 182.2761 229.3937 231.5681 167.8402 143.8024 165.9081 173.2954 141.4864 154.7014 138.0595 157.4142 139.2507 196.5190 129.3326 82.7329 92.1712 91.4329 70.3432 123.7406 139.5117 199.9994 214.3291 264.3352 208.4022 211.8217 233.0812 224.2599 206.2970 204.3297 188.9379 231.1948 117.6709 94.8086 105.8923 119.5010 113.3614 109.2735 86.6160 106.8277 73.8290 113.9066 116.2723 61.7221 74.9797 107.1858 250.8264 205.2311 260.7213 180.8311 141.2595 119.5140 129.7768 208.3837 126.4845 115.3799 114.8852 33.3451 39.7494 74.5828 57.6139 48.1016 60.5052
17 177.7792 174.8452 192.1366 177.1548 154.5888 182.5153 99.1411 155.2836 287.6912 138.5050 167.1808 39.2645 59.2247 59.1181 17.1609 37.9042 35.8568 0.0000 44.5503 39.7042 203.9596 118.7136 232.2952 100.7040 181.0425 250.2273 195.3637 124.6326 181.0425 165.9849 167.2254 145.5651 184.4100 163.4411 208.5996 270.4809 216.4718 126.0616 148.1235 181.9209 228.1297 219.9377 194.3012 170.7475 190.8892 207.9339 175.7044 173.4933 160.3874 171.4822 157.3100 214.5276 148.5262 97.7131 116.9789 114.1496 90.6589 159.0625 174.1913 225.7362 237.7280 293.3534 239.1408 242.2042 261.7044 252.1899 233.5453 232.8886 217.1134 255.0023 133.6804 109.4165 128.7458 132.2412 129.6969 142.6304 118.6044 137.1364 106.1004 142.4100 149.1267 96.3472 109.1654 140.5274 286.2524 240.4361 293.8583 214.0828 170.3000 146.0027 159.9850 243.6410 162.2566 151.2288 150.7364 67.2394 60.3364 100.4897 76.6368 75.9626 74.2004
18 133.4602 133.9084 162.9048 132.9287 113.2026 138.2326 54.6279 129.9500 250.5345 108.3430 129.7241 54.1823 42.6730 27.2528 27.7864 18.7919 40.2972 44.5503 0.0000 5.1933 163.3589 80.4339 196.3543 77.1459 147.8680 211.7602 166.6025 101.2637 147.8680 134.1951 137.1428 115.0123 148.4621 120.2021 175.0232 236.7493 175.2432 88.6828 110.2127 143.1903 190.1899 191.4223 153.2773 130.4509 148.8969 179.4356 146.5861 129.2471 117.3358 126.9797 113.0000 170.0739 104.5039 53.3307 76.4398 72.2603 48.4591 134.9925 146.6769 183.9159 194.5934 253.7201 201.9199 204.4861 221.8882 211.8145 192.7473 193.2450 177.2653 211.9749 89.1993 64.9090 86.4959 87.7678 85.2650 112.3929 86.8298 101.5394 75.9372 104.3320 117.4533 73.5681 83.4682 110.3531 260.3010 213.7876 260.1437 181.5647 132.0576 105.8538 123.4406 231.1918 147.0578 134.6192 132.6944 48.2580 23.6999 61.9055 34.8211 43.1746 30.0737
19 138.1242 137.5298 164.3687 137.5430 116.9071 142.8771 59.4434 130.6920 253.4729 109.7687 132.5790 49.5562 44.3301 30.7401 22.7781 15.0160 35.8864 39.7042 5.1933 0.0000 168.5090 85.3805 201.2401 80.4844 152.4927 216.8159 170.8527 104.7604 152.4927 138.6741 141.4666 119.3289 153.3160 125.3859 179.7113 241.4897 180.4169 93.5711 115.1764 148.2362 195.2076 195.6826 156.9396 133.9175 152.7941 180.8202 147.9874 133.8712 121.5068 131.9613 117.6564 174.8284 109.0161 58.0219 79.8416 76.0170 52.2203 135.5637 147.8216 187.7917 198.8249 257.1423 204.8325 207.4963 225.3322 215.3721 196.3873 196.6337 180.6845 216.1798 93.9763 69.7158 90.3903 92.7781 89.9989 113.8516 88.4131 103.9367 77.1301 107.2512 119.1841 73.4694 83.9605 111.7910 261.4215 214.9502 262.4810 183.6095 135.0786 109.2424 126.0978 230.4506 146.4374 134.1294 132.3895 46.9970 25.2428 64.7393 38.3513 44.3839 34.5756
20 91.5865 137.6969 214.0858 94.4867 131.1596 92.7681 119.5514 209.5077 230.1937 184.5210 160.2604 215.4880 151.9645 145.0809 189.5058 179.8651 201.2154 203.9596 163.3589 168.5090 0.0000 85.6696 51.2128 120.3697 56.1584 52.0031 80.0791 109.8263 56.1584 66.8652 73.9647 80.1606 39.9393 50.8972 55.1137 93.3002 13.9394 79.3335 58.0441 26.4467 35.6260 89.4940 142.4406 142.0184 131.4942 227.1300 205.4299 94.0666 115.1811 70.6189 94.7830 90.9815 103.2532 122.8831 138.9698 132.5276 139.8129 216.0443 211.3401 147.3444 135.4647 213.5207 196.3363 194.5240 189.4256 177.8966 162.5926 173.1521 162.9050 147.2553 98.6434 112.4643 126.5915 89.6380 102.2861 185.7566 173.1423 162.3856 175.4447 151.2885 182.5256 191.1317 188.3702 185.2110 296.5423 258.1009 258.9964 210.6610 156.3373 139.5826 163.2995 318.4491 247.0966 235.5217 230.8871 188.6092 163.4837 149.7768 147.7423 167.0492 141.5694
21 95.2006 123.4927 185.1513 96.5065 105.8921 99.7346 53.3747 165.5810 241.5376 139.0044 134.9443 134.3413 67.0072 59.6220 105.0084 98.3639 120.1841 118.7136 80.4339 85.3805 85.6696 0.0000 115.9867 45.0943 69.6818 131.8008 92.9388 51.8049 69.6818 58.4529 63.7581 43.9432 68.2523 54.4657 95.8750 156.9984 98.6792 8.7636 29.8071 63.2843 109.9655 116.9188 138.5689 123.9843 129.5241 201.2189 171.5796 93.2762 97.8417 76.5919 80.1062 123.1934 79.2822 56.8529 88.7076 80.4847 73.4515 172.0487 175.1282 160.4593 161.2625 235.0021 196.7545 197.2653 204.6867 192.9617 173.7543 179.5412 164.5843 177.9421 61.3771 53.3675 84.6689 49.6455 61.2593 141.8542 120.5605 120.5417 117.0664 114.3781 142.3611 127.2764 129.7106 140.4682 280.8557 236.1877 261.4439 193.1845 133.8635 107.0700 133.2726 277.2666 196.2695 183.5061 179.8303 115.2812 86.5449 89.9801 75.0380 96.5300 65.5842
22 142.7851 188.7955 264.9397 145.6794 181.4353 143.9728 160.8243 258.6714 278.7271 233.1022 210.9730 250.3280 175.1206 173.7506 219.9582 214.3477 236.1646 232.2952 196.3543 201.2401 51.2128 115.9867 0.0000 136.5420 53.2970 28.3602 57.1741 117.9927 53.2970 69.3773 71.7125 89.6633 48.0065 98.7355 28.3524 43.4992 52.8922 107.6727 86.3954 56.1187 17.7323 51.6891 193.5931 192.9910 182.6551 278.1940 255.8351 145.1887 165.7938 121.4797 144.9842 139.8261 152.7770 164.3807 185.5495 178.4573 181.8928 265.2632 261.5496 197.0931 183.3766 260.1792 246.7844 244.7574 237.9193 226.6633 212.2822 223.2587 213.5980 193.4964 145.7225 155.4898 174.3923 135.2448 148.9047 234.6326 220.0913 211.2065 220.9703 200.6271 231.9338 235.2460 234.0483 233.9373 347.6135 309.3093 308.6328 261.8738 207.2003 189.2440 213.6518 368.6479 295.3601 283.4354 278.9615 228.7461 201.3061 194.2815 187.5071 208.1933 179.5729
23 139.6206 163.6196 217.3678 140.7347 144.4086 144.2638 81.7030 191.9905 283.4339 166.4707 171.2211 128.1396 41.4873 49.8936 92.2733 95.4975 115.5691 100.7040 77.1459 80.4844 120.3697 45.0943 136.5420 0.0000 83.4533 158.3529 94.7765 24.4755 83.4533 67.5653 67.4439 46.9700 90.6100 98.7925 110.6041 171.7053 134.2323 45.9125 63.2033 94.5211 135.9383 119.2583 180.1341 163.1283 171.8090 233.9449 202.4356 137.3687 139.0375 121.6549 123.2478 168.2831 120.7530 84.1972 119.3505 111.5365 96.0609 198.0318 204.7554 204.0057 205.9603 278.5280 237.3291 238.3104 247.7419 236.1698 216.7669 221.6780 206.2774 222.7793 101.9445 86.5888 119.8515 91.6331 100.6892 169.9319 145.7342 151.4813 138.7853 148.0704 172.2331 143.5713 149.8576 168.2220 315.0935 269.2657 301.2112 229.1454 171.1114 143.1494 168.0335 300.6428 217.0073 204.1634 201.2992 123.3251 94.1688 114.4981 90.8442 110.5171 79.6882
24 128.5674 170.1306 241.7323 131.0628 157.6361 131.4363 120.7224 228.4049 276.2339 201.8807 188.2304 202.0315 122.8952 123.5226 169.7171 166.4018 188.1388 181.0425 147.8680 152.4927 56.1584 69.6818 53.2970 83.4533 0.0000 77.3283 28.9591 64.8523 0.0000 16.0850 19.8316 36.4855 16.3842 76.5437 27.5574 89.4768 68.4352 60.9193 43.7655 34.7463 55.6630 49.2083 179.9280 172.8175 169.2521 256.6441 230.1835 129.2622 144.4839 105.3317 123.1640 139.7863 127.8993 124.3333 151.7460 143.8443 141.6628 235.0190 234.8788 192.0727 184.2678 262.7224 237.4986 236.5950 236.1236 224.2621 207.0977 216.1232 203.6337 197.9432 115.3855 117.8885 143.6081 103.2018 117.4152 204.1426 185.6765 181.2885 184.0468 172.5838 203.0685 195.8615 197.0092 203.0670 332.1764 290.1877 302.0863 244.1016 185.6022 162.7185 188.9011 340.3656 262.0565 249.5337 245.4987 184.9630 156.1263 156.7157 144.5426 165.9616 135.2624
25 139.0159 185.4168 262.3470 141.9580 181.1336 139.2400 170.8680 260.3118 265.1203 235.7685 209.2052 264.9381 194.8881 191.1424 236.8088 229.0264 250.6628 250.2273 211.7602 216.8159 52.0031 131.8008 28.3602 158.3529 77.3283 0.0000 85.2846 141.8750 77.3283 93.1274 96.8157 112.3854 67.7434 102.8789 55.6605 49.6109 46.0014 124.1822 102.1387 68.5903 22.4369 79.2970 187.3774 190.3038 176.6579 274.4667 254.7913 142.1950 164.7103 120.2055 145.1808 128.7744 154.2460 174.2743 190.9120 184.5240 191.4032 266.7883 261.0045 186.2970 170.0351 244.4549 237.0311 234.4700 224.6027 213.8569 201.1736 212.8813 204.8929 178.1447 150.5861 164.1647 178.3179 141.6236 154.2674 236.8271 224.9837 213.5613 227.4416 202.1522 233.2110 243.1007 240.3561 236.3748 339.7564 303.8327 296.6346 256.3196 204.8925 190.2256 212.9497 367.8569 298.3867 286.9872 282.2910 239.8464 213.9041 201.7487 198.7461 218.4954 191.9511
26 157.4854 199.0083 270.0669 159.9957 186.1856 160.3002 145.7717 255.5486 304.7558 228.9375 216.7707 220.1833 136.1616 140.6309 185.8739 185.3839 206.7376 195.3637 166.6025 170.8527 80.0791 92.9388 57.1741 94.7765 28.9591 85.2846 0.0000 71.8094 28.9591 34.5775 29.6749 51.6577 43.4027 105.5026 30.1879 80.1838 90.4048 84.3676 70.6775 62.5782 67.4404 24.8333 208.8843 201.6109 198.2007 285.1358 258.2100 158.2156 173.2861 134.2499 152.0105 167.4897 156.4958 149.3363 178.5344 170.4933 166.2833 262.1378 262.7216 220.6399 212.1407 290.6436 266.3983 265.4493 264.5022 252.6735 235.7177 244.8970 232.5260 225.3464 143.3579 143.9715 171.1993 131.0209 145.1477 231.3587 211.9757 208.7674 209.5163 200.4754 230.6381 220.2142 222.3225 230.2009 361.0403 318.8542 330.9203 272.9171 214.2571 190.9086 217.2080 367.6008 288.2388 275.5903 271.7100 207.0449 177.6419 182.2338 167.6986 189.2148 157.7529
27 145.6757 175.2333 234.2753 147.2229 157.2670 149.9981 98.8549 211.2799 293.2064 185.2188 185.6949 152.6137 65.5874 74.0616 116.6857 119.7563 139.9985 124.6326 101.2637 104.7604 109.8263 51.8049 117.9927 24.4755 64.8523 141.8750 71.8094 0.0000 64.8523 48.8286 46.6339 30.1172 75.1173 99.0541 90.7538 150.4555 123.7247 48.2630 57.6271 83.3798 119.7871 95.8598 190.3511 175.5610 181.2081 250.6400 219.9439 144.1630 149.6439 125.3512 131.6718 170.3199 131.0849 101.7977 136.3659 128.2652 115.5857 217.5048 222.8210 211.5219 210.7865 285.9306 248.5584 249.0621 255.9705 244.1777 225.1101 231.1997 216.3364 226.9808 113.0401 101.8482 134.6587 101.4441 112.6505 188.4642 165.1531 168.6787 159.2374 163.9074 190.0374 165.4879 170.8589 186.8705 331.1018 285.8524 313.2171 243.9735 184.9510 157.6159 183.3995 321.3043 238.2243 225.3507 222.2443 146.6260 117.1756 133.7662 112.1099 132.5741 101.0455
28 128.5674 170.1306 241.7323 131.0628 157.6361 131.4363 120.7224 228.4049 276.2339 201.8807 188.2304 202.0315 122.8952 123.5226 169.7171 166.4018 188.1388 181.0425 147.8680 152.4927 56.1584 69.6818 53.2970 83.4533 0.0000 77.3283 28.9591 64.8523 0.0000 16.0850 19.8316 36.4855 16.3842 76.5437 27.5574 89.4768 68.4352 60.9193 43.7655 34.7463 55.6630 49.2083 179.9280 172.8175 169.2521 256.6441 230.1835 129.2622 144.4839 105.3317 123.1640 139.7863 127.8993 124.3333 151.7460 143.8443 141.6628 235.0190 234.8788 192.0727 184.2678 262.7224 237.4986 236.5950 236.1236 224.2621 207.0977 216.1232 203.6337 197.9432 115.3855 117.8885 143.6081 103.2018 117.4152 204.1426 185.6765 181.2885 184.0468 172.5838 203.0685 195.8615 197.0092 203.0670 332.1764 290.1877 302.0863 244.1016 185.6022 162.7185 188.9011 340.3656 262.0565 249.5337 245.4987 184.9630 156.1263 156.7157 144.5426 165.9616 135.2624
29 128.8233 167.8896 237.0752 131.1069 153.8299 132.1606 111.1954 221.3918 277.9369 194.7564 184.3003 188.2178 107.4687 109.1442 155.1471 152.8763 174.4865 165.9849 134.1951 138.6741 66.8652 58.4529 69.3773 67.5653 16.0850 93.1274 34.5775 48.8286 16.0850 0.0000 8.2812 20.6514 27.9782 76.6074 43.0601 104.5889 80.0898 49.8303 37.2672 42.0371 71.2018 58.5111 179.1896 170.0127 168.7863 252.4309 224.7830 128.9187 141.8492 105.8254 120.9404 144.1342 124.4019 114.7590 144.2822 136.1943 131.7203 227.9631 229.0841 193.8787 187.9654 266.0284 237.4353 236.8921 238.3751 226.4543 208.6466 216.9595 203.7376 202.4705 110.1512 109.5299 137.4756 97.6929 111.6498 197.2633 177.5254 174.8766 174.9461 166.9825 196.7890 185.6969 187.7458 196.0596 329.5141 286.5559 302.3811 241.2457 182.1063 157.8314 184.2572 333.4390 253.7353 241.0680 237.2161 173.1085 143.8844 147.6724 133.3814 154.8951 123.6110
30 136.9899 175.7112 244.3294 139.2535 161.3654 140.3608 116.9610 227.9458 286.1647 201.3009 191.7734 190.9000 108.2595 111.4550 157.0717 155.9061 177.3492 167.2254 137.1428 141.4666 73.9647 63.7581 71.7125 67.4439 19.8316 96.8157 29.6749 46.6339 19.8316 8.2812 0.0000 22.1378 34.3491 84.8143 44.1389 104.3213 86.9088 55.3612 44.7902 49.7697 75.3892 54.3669 187.2218 177.7322 176.8566 259.7869 231.8445 137.0301 149.6304 114.0277 128.8193 152.3918 132.0480 120.4875 150.7912 142.6550 137.2094 234.4959 236.0268 202.1230 196.2444 274.3089 245.5230 245.0172 246.6330 234.7111 216.8749 225.1373 211.8532 210.7303 117.4351 115.8059 144.4394 104.9468 118.7868 203.8898 183.7091 181.6872 180.7309 174.0494 203.6135 190.9473 193.4348 202.6434 337.1804 294.0320 310.4929 248.9064 189.6768 165.1051 191.5596 339.9495 259.7607 247.0443 243.2721 177.3884 147.9698 153.5399 138.2012 159.7094 128.1630
31 127.2331 162.4135 227.9499 129.1927 146.5451 131.0972 97.2445 209.4627 276.6221 182.8608 176.4867 168.7664 86.8834 89.3519 135.0855 133.7804 155.2119 145.5651 115.0123 119.3289 80.1606 43.9432 89.6633 46.9700 36.4855 112.3854 51.6577 30.1172 36.4855 20.6514 22.1378 0.0000 45.1234 76.7837 63.7084 125.1759 93.9890 36.2842 33.6234 53.7833 90.1293 76.4403 175.4957 163.7892 165.5711 243.7718 214.8109 126.5552 136.2667 105.1835 116.3394 147.4749 118.0606 100.6816 132.4599 124.2487 116.9263 215.9466 218.6009 193.2884 189.8762 266.8484 234.0898 234.0106 237.9938 226.0801 207.5869 214.9148 200.8682 205.3169 101.8970 97.1515 127.4590 89.4669 102.6526 185.6511 164.4997 164.0319 160.7817 157.2405 185.9210 170.1942 173.2995 184.2983 322.4644 278.4599 299.1525 234.3418 174.8655 149.1086 175.5427 321.2043 240.0937 227.3047 223.6849 155.7266 126.2139 133.8199 117.0639 138.5191 106.7921
32 114.9475 157.8739 231.0178 117.5524 146.6310 117.5217 115.7176 219.8338 261.4243 193.5374 177.1410 202.5181 127.7590 125.7608 171.9551 166.5718 188.3964 184.4100 148.4621 153.3160 39.9393 68.2523 48.0065 90.6100 16.3842 67.7434 43.4027 75.1173 16.3842 27.9782 34.3491 45.1234 0.0000 63.7815 29.6240 88.8976 52.5969 59.8059 39.1255 19.1857 45.3311 59.7303 166.6321 160.9518 155.8339 245.5318 220.1310 116.0062 132.6784 91.7833 111.2529 124.1621 116.9142 119.3281 144.0927 136.4618 136.8699 226.4640 225.1546 177.3513 168.7753 247.2746 223.6415 222.5412 221.1217 209.3033 192.4649 201.8262 189.7621 182.1575 106.0437 111.6058 134.7361 94.3281 108.5285 195.5497 178.4723 172.3784 177.8939 162.9881 193.9148 190.8935 190.9620 194.6036 319.7812 278.5543 287.9371 232.0053 174.1882 152.5681 178.3859 331.4203 254.6927 242.3652 238.1492 182.3187 154.2773 150.7116 141.2741 162.3617 132.7774
33 52.3052 94.0935 167.9750 54.6860 83.6598 55.5542 71.0613 159.9364 201.3646 134.4347 113.9185 169.5440 119.0444 107.0482 147.6229 134.9218 155.4382 163.4411 120.2021 125.3859 50.8972 54.4657 98.7355 98.7925 76.5437 102.8789 105.5026 99.0541 76.5437 76.6074 84.8143 76.7837 63.7815 0.0000 91.7432 142.1126 59.1714 53.0116 43.1748 45.9862 85.4703 123.5108 103.3919 97.2572 92.7513 182.1376 157.8667 52.7477 69.0714 29.2188 47.6682 71.3158 54.3401 74.1247 88.0827 81.6501 90.3227 166.5298 163.3085 117.3977 113.0934 190.2928 161.1822 160.4667 162.0043 150.0752 132.0794 140.3760 127.3752 128.6561 47.7647 62.9145 75.9776 39.0577 51.3903 135.9089 122.3320 112.4818 124.5668 101.9398 133.2382 140.4660 137.4778 135.2368 256.0254 214.8639 225.9852 168.2273 110.7161 90.7246 115.7718 270.2608 196.8387 185.0761 180.5173 139.6129 116.3810 99.1330 99.5991 117.7277 94.9448
34 141.2631 185.5012 259.6414 143.9968 175.2496 143.3667 145.0172 249.3016 284.6179 223.0606 205.6261 229.2054 150.3957 150.9771 197.2027 193.4585 215.2402 208.5996 175.0232 179.7113 55.1137 95.8750 28.3524 110.6041 27.5574 55.6605 30.1879 90.7538 27.5574 43.0601 44.1389 63.7084 29.6240 91.7432 0.0000 61.9513 63.2221 87.1805 67.8942 45.7579 37.2679 34.3989 193.0423 188.9132 182.1324 273.8808 249.1142 142.7975 160.8019 118.4610 139.4105 145.6883 145.6514 148.6336 173.7079 166.0855 166.1444 255.9320 254.2726 201.1366 190.3319 268.5475 248.9638 247.5170 243.9474 232.3043 216.3729 226.4148 215.1912 202.3602 135.4571 141.1492 164.2071 123.8582 138.0327 225.0260 208.0960 201.8020 207.4609 192.2248 223.2556 220.2585 220.5210 224.1053 346.9081 306.4624 312.5447 259.5741 202.4589 181.6092 207.2028 360.7494 284.3063 271.9869 267.7649 210.8632 182.3956 180.2472 170.0390 191.2836 161.1817
35 184.4978 230.8149 307.3617 187.4237 224.3390 185.3035 203.7371 302.0122 314.6661 276.5315 253.5605 290.9186 212.0520 212.9193 259.1521 255.0775 276.8882 270.4809 236.7493 241.4897 93.3002 156.9984 43.4992 171.7053 89.4768 49.6109 80.1838 150.4555 89.4768 104.5889 104.3213 125.1759 88.8976 142.1126 61.9513 0.0000 91.9342 148.4236 128.0073 99.3685 57.7181 60.8955 234.4296 235.2585 223.5658 320.2454 298.6801 187.1967 208.4653 163.9185 187.9024 177.6039 195.9621 207.3165 229.0415 221.9241 224.8619 308.5938 304.5172 235.2108 219.4822 294.0469 285.7010 283.3082 274.0961 263.2678 250.2006 261.7165 253.1256 227.7554 189.2161 198.7036 217.8680 178.7290 192.4039 278.0197 263.5865 254.5928 264.3737 243.9015 275.2056 278.4464 277.4574 277.3475 387.8071 350.6819 345.9600 303.1540 249.6200 232.4177 256.5222 411.6382 338.8345 326.9275 322.4458 271.1043 243.1745 237.5991 229.9623 250.8739 221.6427
36 93.2330 139.6675 216.5465 96.1749 135.1453 93.6915 129.5947 214.4293 225.8595 190.0945 163.2556 226.7372 165.2939 157.8020 201.7321 191.3491 212.4955 216.4718 175.2432 180.4169 13.9394 98.6792 52.8922 134.2323 68.4352 46.0014 90.4048 123.7247 68.4352 80.0898 86.9088 93.9890 52.5969 59.1714 63.2221 91.9342 0.0000 92.6614 71.6697 40.3587 35.4207 97.0102 142.5240 144.4425 131.6831 228.9158 208.8124 96.2929 118.7090 74.2289 99.2914 86.9552 108.5516 132.8077 146.3206 140.3297 149.3507 220.8865 215.0071 144.3312 130.5476 207.7301 194.3173 192.1522 185.0468 173.7728 159.4900 170.6086 161.4142 141.0994 106.1538 121.9177 133.2181 98.2144 110.0428 191.0579 180.0063 167.8670 183.1443 156.3269 187.3087 199.4556 195.9138 190.6524 295.9372 258.8653 255.7897 211.3271 158.9968 144.3415 166.9491 321.8905 252.6975 241.4313 236.6886 198.5094 174.2320 158.1798 158.0250 176.7272 152.4264
37 97.4307 128.3217 191.8769 98.9609 111.4289 101.7865 61.6026 173.2566 245.2020 146.6376 140.9552 142.7124 72.6429 66.9613 112.7633 106.7696 128.5942 126.0616 88.6828 93.5711 79.3335 8.7636 107.6727 45.9125 60.9193 124.1822 84.3676 48.2630 60.9193 49.8303 55.3612 36.2842 59.8059 53.0116 87.1805 148.4236 92.6614 0.0000 22.0645 55.9244 102.1760 108.2452 142.6773 129.1817 133.2915 207.8038 178.5907 95.9032 102.3871 77.5247 83.6870 123.3848 83.8858 65.1263 96.1988 87.9942 81.9265 179.7579 182.3294 163.2642 162.8290 237.6687 201.1195 201.4246 207.7411 195.9357 176.9088 183.2071 168.5277 179.2244 66.6882 60.9224 91.3353 54.5131 67.0329 149.3951 128.5401 127.7539 125.3698 121.1157 149.6386 135.8667 138.0829 148.0580 286.9781 242.6282 266.0052 199.0602 139.6120 113.3080 139.6651 285.0928 204.4484 191.7138 187.9784 124.0441 95.2783 98.1929 83.7739 105.2564 74.3478
38 93.9254 131.0437 199.8368 95.9810 116.5962 97.6746 77.2790 184.9581 243.4161 158.3765 147.0429 164.0179 94.1735 89.0171 134.7211 128.0217 149.8241 148.1235 110.2127 115.1764 58.0441 29.8071 86.3954 63.2033 43.7655 102.1387 70.6775 57.6271 43.7655 37.2672 44.7902 33.6234 39.1255 43.1748 67.8942 128.0073 71.6697 22.0645 0.0000 33.8912 80.1979 92.8512 143.0951 132.9671 132.9278 215.1655 187.6716 93.4814 104.9239 71.6330 84.2938 114.1174 87.2606 80.8972 108.0971 100.1458 98.3525 191.5585 192.0890 159.8546 156.2662 233.2605 201.5953 201.3127 204.5523 192.6304 174.2668 181.8843 168.1300 171.7833 72.9243 74.1299 100.5300 60.4948 74.5389 160.7373 141.9255 138.0912 140.3425 129.8907 159.9608 152.5322 153.3313 159.6083 292.3917 249.3018 266.6521 204.1178 144.8957 120.5944 147.0058 296.9921 218.3032 205.7707 201.7466 143.2115 115.1758 113.0214 102.2262 123.4085 93.6519
39 96.1986 139.8396 213.9224 98.8554 129.5529 98.6262 104.7835 204.5129 242.2440 178.5165 159.8869 196.5368 127.8708 122.8029 168.2731 160.5775 182.2761 181.9209 143.1903 148.2362 26.4467 63.2843 56.1187 94.5211 34.7463 68.5903 62.5782 83.3798 34.7463 42.0371 49.7697 53.7833 19.1857 45.9862 45.7579 99.3685 40.3587 55.9244 33.8912 0.0000 47.1290 78.1267 147.9666 143.1769 137.1197 228.1234 203.5693 97.4558 115.0452 73.1441 93.6526 105.1074 100.0287 108.3248 130.0326 122.7440 125.8136 211.1367 208.8449 158.1843 149.6690 228.1588 204.6897 203.5218 201.9362 190.1178 173.3089 182.7405 170.8195 163.2114 90.7774 99.3786 119.5956 79.7300 93.6727 180.2971 164.5874 156.9494 165.0360 147.0042 178.1777 179.1357 178.1240 179.4702 301.4867 260.7530 268.8757 213.9533 156.7011 136.1629 161.5733 315.5610 240.3446 228.2324 223.8636 173.0567 146.1769 138.2310 131.7945 152.2672 124.2911
40 126.8474 173.1192 249.6445 129.7674 166.7751 127.7696 151.0313 244.9219 261.1149 219.7408 195.8658 243.6499 172.5144 169.0944 214.9165 207.6796 229.3937 228.1297 190.1899 195.2076 35.6260 109.9655 17.7323 135.9383 55.6630 22.4369 67.4404 119.7871 55.6630 71.2018 75.3892 90.1293 45.3311 85.4703 37.2679 57.7181 35.4207 102.1760 80.1979 47.1290 0.0000 66.8746 177.1436 177.5409 166.2370 262.5567 241.0559 129.4931 150.8044 106.2217 130.3784 122.3612 138.7002 154.5097 173.3121 166.5465 171.8461 251.4760 246.9584 179.7498 165.7403 242.4526 229.6580 227.5389 220.3160 209.1011 194.9107 206.0064 196.6303 175.7694 133.1060 144.8882 161.4472 123.3262 136.5423 221.0740 207.7089 197.6696 209.3635 186.7230 217.9945 224.3855 222.3825 220.4799 330.9377 293.1980 291.2024 245.6961 191.9048 175.0939 198.9234 354.0708 282.2418 270.5347 265.9567 219.7359 193.1996 183.1339 178.5088 198.6676 171.2814
41 174.3194 217.6039 290.3976 176.9818 206.0952 176.6735 169.2332 277.6125 318.8624 251.0882 236.6573 245.0162 160.7144 165.4606 210.6398 210.2006 231.5681 219.9377 191.4223 195.6826 89.4940 116.9188 51.6891 119.2583 49.2083 79.2970 24.8333 95.8598 49.2083 58.5111 54.3669 76.4403 59.7303 123.5108 34.3989 60.8955 97.0102 108.2452 92.8512 78.1267 66.8746 0.0000 226.0931 220.6592 215.2418 305.0815 279.1317 175.5610 192.3667 151.2647 170.9469 180.0465 176.3415 172.8248 200.9226 192.9937 189.9647 284.2270 283.9291 235.2255 224.7100 302.9454 282.6016 281.2892 278.2316 266.5590 250.4442 260.3059 248.7634 236.7486 164.4520 166.8592 192.7788 152.3398 166.5663 253.3485 234.7592 230.4692 232.8241 221.6402 252.2253 244.0546 245.7224 252.2752 379.4832 338.2476 346.4693 291.7356 233.8085 211.5946 237.6414 389.5633 311.1276 298.5640 294.5744 231.5307 202.2060 205.4955 191.8905 213.4029 182.1014
42 51.7945 19.4574 78.8217 49.1113 40.0869 49.8295 105.0995 92.7305 103.3006 79.6101 37.2893 177.9760 178.7596 159.1815 177.4568 156.5396 167.8402 194.3012 153.2773 156.9396 142.4406 138.5689 193.5931 180.1341 179.9280 187.3774 208.8843 190.3511 179.9280 179.1896 187.2218 175.4957 166.6321 103.3919 193.0423 234.4296 142.5240 142.6773 143.0951 147.9666 177.1436 226.0931 0.0000 24.0976 10.9568 88.4012 76.5773 50.6770 41.0967 74.8533 59.2042 63.2389 59.4866 104.4256 77.3473 81.0293 104.8184 97.6220 83.9635 32.3782 51.0576 101.1148 58.5969 58.7479 69.3429 58.7106 39.4751 41.7446 26.1434 65.8423 78.1912 96.7243 67.1084 89.0487 79.6066 77.6222 86.8266 64.7618 98.4337 54.7480 69.9683 116.6384 104.8926 78.6972 154.1805 116.4555 123.6569 68.9493 31.7148 48.4614 45.6296 185.1927 131.8447 124.3555 119.2751 136.7550 133.9697 94.0290 118.5887 119.9534 124.2408
43 51.3238 6.5041 72.1423 48.3870 18.8284 51.6341 84.7903 76.0248 122.1313 58.6510 19.6055 153.8790 158.1296 138.1360 154.0118 132.9040 143.8024 170.7475 130.4509 133.9175 142.0184 123.9843 192.9910 163.1283 172.8175 190.3038 201.6109 175.5610 172.8175 170.0127 177.7322 163.7892 160.9518 97.2572 188.9132 235.2585 144.4425 129.1817 132.9671 143.1769 177.5409 220.6592 24.0976 0.0000 24.9968 85.2662 65.0768 48.1635 28.3348 71.5177 49.7199 75.4540 45.7873 83.6470 54.0798 58.5641 82.1191 81.7259 71.7937 56.4494 73.7181 123.2718 74.5767 76.1125 91.4374 81.5124 62.8178 62.8418 46.8320 89.3466 62.6149 77.4129 45.5377 74.6698 62.9422 57.3637 63.3220 41.4572 74.6085 30.7767 50.5363 93.0395 81.7089 58.0774 159.5329 117.6102 138.0951 71.3153 14.6802 24.7544 25.9264 177.7491 115.8490 106.9213 101.8212 112.6604 110.4802 70.2964 95.6414 95.9982 102.0087
44 40.9225 18.7187 88.2137 38.2818 36.5060 38.8762 98.8771 99.0051 112.0136 83.4204 42.2666 176.6573 172.3365 153.1233 173.8865 153.3956 165.9081 190.8892 148.8969 152.7941 131.4942 129.5241 182.6551 171.8090 169.2521 176.6579 198.2007 181.2081 169.2521 168.7863 176.8566 165.5711 155.8339 92.7513 182.1324 223.5658 131.6831 133.2915 132.9278 137.1197 166.2370 215.2418 10.9568 24.9968 0.0000 98.5409 84.6746 40.0038 33.3799 64.0534 49.6073 53.9942 51.1112 98.5247 74.1641 76.8342 100.5829 104.2791 91.9141 35.0257 49.2158 107.6209 68.6862 68.4400 76.2282 64.9811 45.4329 50.0219 35.3160 65.4911 70.0347 89.9965 62.4093 80.3050 71.8584 81.9051 88.0035 66.3311 98.8960 55.1039 74.7110 117.5599 106.5323 82.7436 165.1371 127.2134 133.7266 79.6795 36.6106 46.7197 49.9262 194.7730 138.5834 130.4019 125.2977 135.7720 130.6363 91.4496 114.5402 117.8144 119.3653
45 135.7753 89.4398 16.7172 132.8425 99.0170 135.2498 152.3349 53.4455 100.5530 71.0927 68.4306 177.1821 217.4414 197.0698 194.2419 172.9779 173.2954 207.9339 179.4356 180.8202 227.1300 201.2189 278.1940 233.9449 256.6441 274.4667 285.1358 250.6400 256.6441 252.4309 259.7869 243.7718 245.5318 182.1376 273.8808 320.2454 228.9158 207.8038 215.1655 228.1234 262.5567 305.0815 88.4012 85.2662 98.5409 0.0000 32.8496 133.0723 113.1024 156.7591 134.4714 151.4302 128.7711 149.7508 114.6243 122.5613 139.4060 51.3000 33.7840 103.5049 127.0798 121.7158 66.2470 71.6095 100.4584 99.9326 94.9669 83.3016 79.9180 134.1793 142.3605 148.8135 116.5515 154.8579 141.2129 67.0495 92.6606 82.4855 103.7145 86.8787 62.6549 111.6621 98.7915 69.0832 81.5333 35.3224 91.7178 24.5582 71.4241 94.7430 68.2714 97.7959 71.2484 72.6026 69.4254 140.6977 155.7807 121.3212 148.6392 136.4384 158.7917
46 116.1801 70.6930 16.4676 113.2629 74.4033 116.6988 121.1828 24.7195 122.1850 38.2433 45.6938 146.1934 184.7741 164.4557 161.7115 140.3364 141.4864 175.7044 146.5861 147.9874 205.4299 171.5796 255.8351 202.4356 230.1835 254.7913 258.2100 219.9439 230.1835 224.7830 231.8445 214.8109 220.1310 157.8667 249.1142 298.6801 208.8124 178.5907 187.6716 203.5693 241.0559 279.1317 76.5773 65.0768 84.6746 32.8496 0.0000 112.7026 90.2767 134.9182 110.8512 138.5746 103.5600 118.4153 83.5783 91.7013 107.1867 25.9313 7.5044 100.6050 123.6943 138.0714 78.9243 83.8062 111.5118 107.4657 96.6771 87.6565 78.4158 134.5678 114.8574 118.5045 87.4535 127.2000 113.1417 34.2031 59.8242 51.2730 70.9097 57.8018 30.2759 79.7690 66.5914 36.2338 114.1081 67.6164 120.1755 41.3594 50.4117 67.5687 42.1841 113.0932 57.4035 53.0310 48.4671 108.5579 122.9332 88.9336 115.9934 103.6036 126.2830
47 4.8195 43.6330 120.2999 3.7170 40.7385 9.0743 74.9248 120.3240 150.0733 98.1076 67.0429 167.3350 144.4608 127.0612 156.3772 138.1848 154.7014 173.4933 129.2471 133.8712 94.0666 93.2762 145.1887 137.3687 129.2622 142.1950 158.2156 144.1630 129.2622 128.9187 137.0301 126.5552 116.0062 52.7477 142.7975 187.1967 96.2929 95.9032 93.4814 97.4558 129.4931 175.5610 50.6770 48.1635 40.0038 133.0723 112.7026 0.0000 24.0221 24.3384 16.3216 41.8338 25.3753 75.9309 65.9585 64.1034 84.5268 126.5516 119.0851 67.3621 69.2376 141.8029 108.5339 107.9919 111.9053 100.0665 81.1999 88.4068 74.8232 86.4937 40.6936 64.7388 50.8341 46.9931 44.2412 98.2598 93.4371 76.3883 100.6188 63.9321 93.3052 119.3111 111.6856 98.2581 204.1110 164.2978 173.4641 117.0443 62.7050 51.6910 71.2613 225.6977 159.6773 149.3604 144.3899 129.4342 115.8166 82.8689 98.0287 108.3458 99.3044
48 28.4335 26.1626 99.2442 25.8915 16.7795 30.9104 65.8106 96.5321 144.3966 74.0876 45.1919 149.8753 139.0576 120.0221 143.2526 123.5633 138.0595 160.3874 117.3358 121.5068 115.1811 97.8417 165.7938 139.0375 144.4839 164.7103 173.2861 149.6439 144.4839 141.8492 149.6304 136.2667 132.6784 69.0714 160.8019 208.4653 118.7090 102.3871 104.9239 115.0452 150.8044 192.3667 41.0967 28.3348 33.3799 113.1024 90.2767 24.0221 0.0000 44.6446 21.4268 61.9904 18.5596 65.6960 46.3424 46.7639 69.7475 102.8293 96.3301 67.7775 77.3512 141.0003 98.9155 99.5251 109.5575 98.3600 78.8120 82.7228 67.2399 94.6768 37.0964 56.7020 32.1802 48.2010 38.5987 74.2526 70.2826 52.4433 78.4056 39.9427 69.4416 97.3401 88.8165 74.2373 187.8039 145.8811 163.6540 99.6312 41.6857 27.7403 48.2523 203.3523 135.7449 125.3510 120.3883 110.3478 100.7560 63.9783 83.7585 90.3747 87.4176
49 23.2360 67.4930 143.4929 25.7767 60.9329 26.3354 72.9182 140.2804 172.1789 116.3717 89.6443 170.8955 134.9499 119.7017 154.7371 138.7746 157.4142 171.4822 126.9797 131.9613 70.6189 76.5919 121.4797 121.6549 105.3317 120.2055 134.2499 125.3512 105.3317 105.8254 114.0277 105.1835 91.7833 29.2188 118.4610 163.9185 74.2289 77.5247 71.6330 73.1441 106.2217 151.2647 74.8533 71.5177 64.0534 156.7591 134.9182 24.3384 44.6446 0.0000 25.3289 47.0091 35.3906 74.9867 76.3748 72.0522 87.7553 146.7100 140.9578 88.3105 85.4424 161.6762 132.1726 131.3492 132.9774 121.0500 102.9058 111.1666 98.3192 101.7041 39.9526 62.8811 61.8761 39.2595 44.3158 117.1276 108.1444 94.1601 113.1368 82.3339 113.1409 130.8922 125.2915 116.8215 228.4486 188.4277 196.8672 141.2762 85.7425 70.2363 92.8772 247.9969 178.8474 167.8513 163.0240 136.0928 117.6818 91.1340 99.8064 114.1518 98.3364
50 20.4692 47.0305 120.4215 20.0347 36.4527 25.2362 58.6130 115.1404 161.5445 91.0484 66.3342 152.1189 128.5183 110.8811 140.2129 122.2811 139.2507 157.3100 113.0000 117.6564 94.7830 80.1062 144.9842 123.2478 123.1640 145.1808 152.0105 131.6718 123.1640 120.9404 128.8193 116.3394 111.2529 47.6682 139.4105 187.9024 99.2914 83.6870 84.2938 93.6526 130.3784 170.9469 59.2042 49.7199 49.6073 134.4714 110.8512 16.3216 21.4268 25.3289 0.0000 57.4712 10.7968 59.6705 52.8229 49.7755 68.9241 121.6083 116.6153 80.7604 84.8558 155.2844 117.7945 117.8795 124.6633 113.0038 93.7010 99.5394 84.8768 102.2301 24.4187 48.4184 37.8198 31.8129 27.9197 91.8447 83.2386 68.8327 88.9562 57.0667 88.0305 107.1710 100.7674 91.5131 209.0302 167.3032 182.8371 120.9442 63.0485 45.0510 68.6676 223.7361 153.5522 142.5236 137.7007 115.0754 100.0797 68.8803 82.2055 93.6028 83.1097
51 37.2016 69.1187 142.0024 38.4265 76.6372 32.8267 115.4603 151.4722 139.2491 132.7663 94.7208 209.1671 181.5243 165.5178 197.4810 179.7517 196.5190 214.5276 170.0739 174.8284 90.9815 123.1934 139.8261 168.2831 139.7863 128.7744 167.4897 170.3199 139.7863 144.1342 152.3918 147.4749 124.1621 71.3158 145.6883 177.6039 86.9552 123.3848 114.1174 105.1074 122.3612 180.0465 63.2389 75.4540 53.9942 151.4302 138.5746 41.8338 61.9904 47.0091 57.4712 0.0000 67.1877 116.8172 107.1968 105.8289 126.2841 157.1056 145.7451 57.6082 44.7251 123.1940 108.2607 105.7260 98.4579 86.9949 72.6521 84.1324 76.6231 58.3407 80.8776 105.1800 92.2021 84.2185 84.8307 132.0487 131.9159 112.5731 140.3926 100.0636 125.7256 159.3301 150.5900 132.4938 211.3546 177.6193 168.8431 130.7161 89.2759 88.5360 101.3565 248.4314 191.2883 182.3008 177.2079 171.0306 157.5176 124.4061 139.6666 150.1101 140.3744
52 29.9944 44.4603 114.1041 28.9051 29.7571 34.4392 50.8168 106.2547 162.7508 81.5459 60.3422 142.0172 122.7043 104.3192 131.3811 112.9015 129.3326 148.5262 104.5039 109.0161 103.2532 79.2822 152.7770 120.7530 127.8993 154.2460 156.4958 131.0849 127.8993 124.4019 132.0480 118.0606 116.9142 54.3401 145.6514 195.9621 108.5516 83.8858 87.2606 100.0287 138.7002 176.3415 59.4866 45.7873 51.1112 128.7711 103.5600 25.3753 18.5596 35.3906 10.7968 67.1877 0.0000 51.4121 42.0277 39.1635 59.1602 112.7923 108.9690 84.4459 91.1227 158.4562 117.4737 118.0493 127.2710 115.8748 96.3600 100.9266 85.6109 108.5838 18.9441 40.9509 27.0306 29.6440 21.1846 82.5909 72.7766 59.3238 78.2207 48.0355 79.2944 96.3861 90.1240 82.1296 205.1325 162.3668 182.2015 116.8586 57.7805 36.4671 61.5529 215.9564 144.1578 132.8991 128.1408 104.5374 90.4686 58.2045 72.7226 83.2080 74.4537
53 80.1295 85.7590 133.1892 79.6191 65.0469 84.9049 3.6184 109.7694 205.7761 83.4979 88.4090 96.4986 74.5137 54.7561 80.6674 63.7986 82.7329 97.7131 53.3307 58.0219 122.8831 56.8529 164.3807 84.1972 124.3333 174.2743 149.3363 101.7977 124.3333 114.7590 120.4875 100.6816 119.3281 74.1247 148.6336 207.3165 132.8077 65.1263 80.8972 108.3248 154.5097 172.8248 104.4256 83.6470 98.5247 149.7508 118.4153 75.9309 65.6960 74.9867 59.6705 116.8172 51.4121 0.0000 35.1643 27.5038 17.5564 116.1076 121.0687 133.3547 142.2250 205.5294 157.9532 159.7117 173.7678 163.0192 143.5731 145.7862 129.7964 159.6746 36.0300 12.1157 38.1580 36.7986 31.9888 86.6834 64.0539 67.3113 60.2435 64.2702 88.3401 71.6404 72.9884 85.1161 230.9247 185.0703 220.0316 145.5749 89.0860 60.9512 84.4138 220.8710 139.4252 126.6546 123.0039 65.7470 43.0278 33.1390 25.5892 44.2214 23.5970
54 70.7729 57.8908 98.1016 69.0404 37.6921 74.6175 37.7149 77.1564 174.6000 50.5116 54.6819 103.6476 106.8850 86.4383 100.1097 79.3060 92.1712 116.9789 76.4398 79.8416 138.9698 88.7076 185.5495 119.3505 151.7460 190.9120 178.5344 136.3659 151.7460 144.2822 150.7912 132.4599 144.0927 88.0827 173.7079 229.0415 146.3206 96.1988 108.0971 130.0326 173.3121 200.9226 77.3473 54.0798 74.1641 114.6243 83.5783 65.9585 46.3424 76.3748 52.8229 107.1968 42.0277 35.1643 0.0000 8.2242 28.4528 83.7051 86.6429 108.8272 122.1829 177.3090 126.1435 128.4446 145.4923 135.5683 116.6945 116.8142 100.8494 139.1336 40.3277 35.3402 15.1468 50.3299 36.7699 53.1968 34.5592 32.3167 36.9806 29.6398 53.8158 54.5316 49.6021 51.8822 195.7605 149.9370 186.5545 110.7636 56.2529 29.4157 49.8014 189.1700 110.6003 98.3059 94.0570 64.0573 56.6429 17.6779 41.6196 44.1905 48.7954
55 68.8576 61.7026 106.0891 67.4132 40.9458 73.0185 29.8335 85.3141 180.1171 58.6739 61.2289 103.5841 100.5058 80.1965 97.0974 76.9469 91.4329 114.1496 72.2603 76.0170 132.5276 80.4847 178.4573 111.5365 143.8443 184.5240 170.4933 128.2652 143.8443 136.1943 142.6550 124.2487 136.4618 81.6501 166.0855 221.9241 140.3297 87.9942 100.1458 122.7440 166.5465 192.9937 81.0293 58.5641 76.8342 122.5613 91.7013 64.1034 46.7639 72.0522 49.7755 105.8289 39.1635 27.5038 8.2242 0.0000 23.8092 91.8488 94.8406 111.7982 123.8018 181.7245 131.8702 133.9451 149.8747 139.6352 120.5039 121.3856 105.3609 140.9776 34.1996 27.1178 14.6559 43.2584 30.3030 61.4027 42.0105 40.4285 42.9176 36.7777 62.0161 59.3750 55.8651 60.0688 203.5637 157.8561 193.0885 118.0838 62.3021 34.5377 56.9419 197.2947 118.3093 105.9137 101.7522 65.3881 54.1198 19.1675 37.7110 44.2901 43.4447
56 89.0891 85.4588 122.6976 88.0640 64.7444 93.5964 21.1570 95.9652 203.0522 70.4731 82.9198 83.4080 79.1090 58.5821 73.5436 53.9867 70.3432 90.6589 48.4591 52.2203 139.8129 73.4515 181.8928 96.0609 141.6628 191.4032 166.2833 115.5857 141.6628 131.7203 137.2094 116.9263 136.8699 90.3227 166.1444 224.8619 149.3507 81.9265 98.3525 125.8136 171.8461 189.9647 104.8184 82.1191 100.5829 139.4060 107.1867 84.5268 69.7475 87.7553 68.9241 126.2841 59.1602 17.5564 28.4528 23.8092 0.0000 102.0741 109.0133 135.5731 147.0726 205.3757 154.5906 156.8944 173.5311 163.3799 144.2896 144.9577 128.9511 164.3441 47.8036 27.4330 38.2006 51.7984 43.4432 74.0225 49.7124 57.4980 44.0318 57.5995 76.9196 54.2039 56.3792 72.2605 220.9304 174.6291 214.6081 137.7898 84.6789 57.6886 77.5093 205.8317 123.4412 110.5976 107.1792 49.3733 31.3465 18.4529 14.0245 27.4079 20.4256
57 130.5691 87.9953 38.5329 127.7656 86.0889 131.9171 119.3139 6.6305 147.2675 33.2069 62.3990 126.6030 175.5891 155.9001 146.4464 125.9308 123.7406 159.0625 134.9925 135.5637 216.0443 172.0487 265.2632 198.0318 235.0190 266.7883 262.1378 217.5048 235.0190 227.9631 234.4959 215.9466 226.4640 166.5298 255.9320 308.5938 220.8865 179.7579 191.5585 211.1367 251.4760 284.2270 97.6220 81.7259 104.2791 51.3000 25.9313 126.5516 102.8293 146.7100 121.6083 157.1056 112.7923 116.1076 83.7051 91.8488 102.0741 0.0000 19.8271 124.2888 146.8231 163.9240 104.8259 109.7298 137.4090 133.1317 121.5688 113.1013 102.9557 158.6988 120.4864 118.8399 91.7295 132.1617 117.9418 30.9172 52.3736 54.1874 60.0487 64.7574 33.5783 63.1082 51.6046 31.9540 127.1990 81.5079 142.6025 66.0691 67.9122 76.5645 56.0341 105.4761 34.3048 27.5626 22.7633 92.1740 111.4580 83.7561 108.1293 92.0509 119.0959
58 122.6701 77.5516 19.1247 119.7667 80.1847 123.3368 123.9662 20.1490 127.4591 38.8507 52.2685 143.5383 185.6904 165.5153 160.6492 139.5087 139.5117 174.1913 146.6769 147.8216 211.3401 175.1282 261.5496 204.7554 234.8788 261.0045 262.7216 222.8210 234.8788 229.0841 236.0268 218.6009 225.1546 163.3085 254.2726 304.5172 215.0071 182.3294 192.0890 208.8449 246.9584 283.9291 83.9635 71.7937 91.9141 33.7840 7.5044 119.0851 96.3301 140.9578 116.6153 145.7451 108.9690 121.0687 86.6429 94.8406 109.0133 19.8271 0.0000 108.0960 131.1977 144.2627 85.2777 90.2572 118.2386 114.4909 104.0265 94.8305 85.8412 142.0192 119.4940 121.8521 91.6090 131.7263 117.5742 35.0723 60.4653 54.5897 70.7429 62.2953 32.8275 77.8881 65.1027 36.9441 113.6254 67.1294 123.7040 46.2758 57.1864 72.6830 48.0808 107.1210 50.0311 46.1952 41.8010 106.9519 122.9775 90.6098 117.0856 103.5264 127.6185
59 66.1382 51.3845 98.3806 64.3798 71.1548 62.1922 133.5738 120.1982 84.1731 110.3878 68.0948 210.2893 206.7728 187.7985 208.7746 188.1322 199.9994 225.7362 183.9159 187.7917 147.3444 160.4593 197.0931 204.0057 192.0727 186.2970 220.6399 211.5219 192.0727 193.8787 202.1230 193.2884 177.3513 117.3977 201.1366 235.2108 144.3312 163.2642 159.8546 158.1843 179.7498 235.2255 32.3782 56.4494 35.0257 103.5049 100.6050 67.3621 67.7775 88.3105 80.7604 57.6082 84.4459 133.3547 108.8272 111.7982 135.5731 124.2888 108.0960 0.0000 23.6395 74.5613 51.0195 48.1875 44.7054 32.7968 15.2519 26.6292 23.5918 34.6844 103.2976 124.4429 97.4219 112.4888 105.5789 107.9977 119.0134 96.9200 130.7539 87.1240 100.0133 148.8347 136.8654 109.2790 154.7810 124.4664 111.6580 80.0701 62.8403 80.4891 76.6650 201.0861 157.7732 151.7117 146.7379 169.1038 165.4287 125.8653 149.5091 152.0093 154.3850
60 66.4787 67.7482 121.9653 65.6692 85.0470 61.7450 141.8652 142.4419 95.4011 130.6640 88.2962 225.4412 213.3409 195.3667 220.5989 200.7467 214.3291 237.7280 194.5934 198.8249 135.4647 161.2625 183.3766 205.9603 184.2678 170.0351 212.1407 210.7865 184.2678 187.9654 196.2444 189.8762 168.7753 113.0934 190.3319 219.4822 130.5476 162.8290 156.2662 149.6690 165.7403 224.7100 51.0576 73.7181 49.2158 127.0798 123.6943 69.2376 77.3512 85.4424 84.8558 44.7251 91.1227 142.2250 122.1829 123.8018 147.0726 146.8231 131.1977 23.6395 0.0000 78.5030 71.3331 67.5799 54.6605 43.8442 34.3998 47.2064 47.2070 17.4618 109.0085 132.0733 109.1467 116.2245 112.0255 128.6213 137.0291 115.1575 148.0885 104.2519 120.8714 166.6889 155.4122 129.7319 174.9403 147.0098 126.7103 103.4684 82.7584 95.8043 96.6829 224.5555 180.6030 174.0733 169.0495 184.7706 177.9199 139.7471 161.0920 166.2583 164.5893
61 140.2927 120.1123 127.1437 138.7078 140.9691 136.0905 206.1372 162.4765 30.1215 163.6075 126.8020 272.8353 279.7635 260.2814 276.8465 255.4503 264.3352 293.3534 253.7201 257.1423 213.5207 235.0021 260.1792 278.5280 262.7224 244.4549 290.6436 285.9306 262.7224 266.0284 274.3089 266.8484 247.2746 190.2928 268.5475 294.0469 207.7301 237.6687 233.2605 228.1588 242.4526 302.9454 101.1148 123.2718 107.6209 121.7158 138.0714 141.8029 141.0003 161.6762 155.2844 123.1940 158.4562 205.5294 177.3090 181.7245 205.3757 163.9240 144.2627 74.5613 78.5030 0.0000 59.2286 54.6111 31.8500 42.6405 62.1883 60.5242 76.4597 66.6833 177.3921 197.5188 168.1114 186.9458 179.4129 160.0933 178.5189 157.5391 191.2324 150.9979 152.0084 207.0839 193.8169 161.9273 128.3291 121.4956 65.3495 99.4409 123.2228 147.9002 134.6523 204.5127 191.5644 190.1714 185.9869 231.6680 233.3643 192.9822 218.9054 217.6905 225.1207
62 108.9422 73.7103 68.8825 106.4994 93.4021 106.1320 159.2512 103.2563 48.6488 105.4170 72.2639 216.0085 232.2385 212.0343 223.1551 201.4497 208.4022 239.1408 201.9199 204.8325 196.3363 196.7545 246.7844 237.3291 237.4986 237.0311 266.3983 248.5584 237.4986 237.4353 245.5230 234.0898 223.6415 161.1822 248.9638 285.7010 194.3173 201.1195 201.5953 204.6897 229.6580 282.6016 58.5969 74.5767 68.6862 66.2470 78.9243 108.5339 98.9155 132.1726 117.7945 108.2607 117.4737 157.9532 126.1435 131.8702 154.5906 104.8259 85.2777 51.0195 71.3331 59.2286 0.0000 5.3633 34.2391 34.6947 37.0672 24.4817 33.8812 73.0751 135.7644 151.9869 119.8032 147.1165 136.6901 101.7368 121.8467 102.0256 134.6482 97.5953 93.8086 149.4592 136.0127 103.6476 103.8871 77.5224 65.0699 42.1734 69.9395 97.3455 79.1606 158.8073 133.5343 131.3780 127.0728 175.2793 180.1877 140.0945 167.3495 163.1886 174.9259
63 108.1640 74.8002 74.0738 105.8053 94.8820 105.1587 160.9014 108.0202 46.1748 109.4223 75.0827 219.6547 234.1243 214.0070 226.1022 204.4402 211.8217 242.2042 204.4861 207.4963 194.5240 197.2653 244.7574 238.3104 236.5950 234.4700 265.4493 249.0621 236.5950 236.8921 245.0172 234.0106 222.5412 160.4667 247.5170 283.3082 192.1522 201.4246 201.3127 203.5218 227.5389 281.2892 58.7479 76.1125 68.4400 71.6095 83.8062 107.9919 99.5251 131.3492 117.8795 105.7260 118.0493 159.7117 128.4446 133.9451 156.8944 109.7298 90.2572 48.1875 67.5799 54.6111 5.3633 0.0000 28.8905 29.5766 33.6698 21.5938 33.1851 68.4933 136.5311 153.4019 121.5586 147.6785 137.6215 105.8071 125.3762 105.2079 138.1696 100.2595 97.8068 153.2981 139.9012 107.6873 107.3698 82.3784 65.5198 47.5077 72.4302 99.4117 82.2644 163.9531 138.7131 136.4030 132.0581 178.7879 182.9888 142.7711 169.8203 166.2429 177.1648
64 110.8223 88.2708 102.6851 109.0087 109.1289 106.8972 174.4259 135.2314 40.8173 133.8475 95.6467 241.8889 248.0769 228.5239 245.1411 223.8009 233.0812 261.7044 221.8882 225.3322 189.4256 204.6867 237.9193 247.7419 236.1236 224.6027 264.5022 255.9705 236.1236 238.3751 246.6330 237.9938 221.1217 162.0043 243.9474 274.0961 185.0468 207.7411 204.5523 201.9362 220.3160 278.2316 69.3429 91.4374 76.2282 100.4584 111.5118 111.9053 109.5575 132.9774 124.6633 98.4579 127.2710 173.7678 145.4923 149.8747 173.5311 137.4090 118.2386 44.7054 54.6605 31.8500 34.2391 28.8905 0.0000 11.9293 30.9768 28.8233 44.6554 48.6729 146.2134 165.9136 136.2771 156.1098 148.0863 130.5166 147.7384 126.4398 160.3662 119.4617 122.3359 176.6980 163.5988 132.2618 126.8604 108.5649 72.7639 76.3955 91.8291 116.0920 103.6972 191.2468 167.2283 164.4312 159.9598 200.6187 201.6365 161.2720 187.0774 186.1688 193.2717
65 98.9299 77.9327 100.2025 97.1403 98.7405 94.9829 163.5702 130.4463 52.3167 126.9674 87.3512 233.4593 237.1689 217.7543 235.5048 214.3109 224.2599 252.1899 211.8145 215.3721 177.8966 192.9617 226.6633 236.1698 224.2621 213.8569 252.6735 244.1777 224.2621 226.4543 234.7111 226.0801 209.3033 150.0752 232.3043 263.2678 173.7728 195.9357 192.6304 190.1178 209.1011 266.5590 58.7106 81.5124 64.9811 99.9326 107.4657 100.0665 98.3600 121.0500 113.0038 86.9949 115.8748 163.0192 135.5683 139.6352 163.3799 133.1317 114.4909 32.7968 43.8442 42.6405 34.6947 29.5766 11.9293 0.0000 19.5483 20.6818 35.3273 40.3461 134.8171 154.8947 125.8148 144.5417 136.7922 123.8326 139.6974 118.0606 152.1811 110.3817 115.6132 169.0152 156.1305 125.4823 133.9010 111.8572 82.8788 75.4255 83.1571 106.2610 95.6404 193.5003 164.1498 160.4867 155.8536 192.1166 191.9724 151.7004 177.0491 176.9742 182.9289
66 80.3586 58.8577 92.0654 78.4178 79.5619 76.6368 144.0829 118.1582 69.2903 111.7102 70.6088 215.8952 217.6572 198.2891 216.7671 195.7168 206.2970 233.5453 192.7473 196.3873 162.5926 173.7543 212.2822 216.7669 207.0977 201.1736 235.7177 225.1101 207.0977 208.6466 216.8749 207.5869 192.4649 132.0794 216.3729 250.2006 159.4900 176.9088 174.2668 173.3089 194.9107 250.4442 39.4751 62.8178 45.4329 94.9669 96.6771 81.1999 78.8120 102.9058 93.7010 72.6521 96.3600 143.5731 116.6945 120.5039 144.2896 121.5688 104.0265 15.2519 34.3998 62.1883 37.0672 33.6698 30.9768 19.5483 0.0000 12.8107 18.9777 39.2284 115.3039 135.3638 106.5443 125.1342 117.2521 108.8767 122.8359 100.9089 135.0881 92.4421 100.6924 152.4636 139.9018 110.3776 140.9113 112.8379 96.4180 70.7243 65.9636 87.5450 79.1125 191.5982 154.0572 149.1301 144.2991 174.5446 173.2469 133.1139 158.0395 158.7058 163.6934
67 88.1542 60.0428 81.6016 85.9556 80.8595 84.8470 146.6048 110.1854 62.0068 106.2906 67.0332 213.2758 220.2497 200.5069 216.3428 194.9845 204.3297 232.8886 193.2450 196.6337 173.1521 179.5412 223.2587 221.6780 216.1232 212.8813 244.8970 231.1997 216.1232 216.9595 225.1373 214.9148 201.8262 140.3760 226.4148 261.7165 170.6086 183.2071 181.8843 182.7405 206.0064 260.3059 41.7446 62.8418 50.0219 83.3016 87.6565 88.4068 82.7228 111.1666 99.5394 84.1324 100.9266 145.7862 116.8142 121.3856 144.9577 113.1013 94.8305 26.6292 47.2064 60.5242 24.4817 21.5938 28.8233 20.6818 12.8107 0.0000 16.0315 51.1473 119.7602 138.4026 108.0127 130.2922 121.2999 103.1509 119.2947 97.8136 131.8492 90.6444 94.9314 148.4926 135.5458 104.8016 128.3634 100.1021 86.1666 58.8513 63.0721 87.3993 75.2152 179.3430 144.7443 140.5682 135.8594 171.9680 172.8490 132.4739 158.4249 157.3494 164.8234
68 75.0986 44.0393 75.0921 72.6915 64.8380 72.2509 130.6497 99.3800 77.1573 92.8302 52.2020 198.1530 204.2782 184.5032 200.5122 179.2148 188.9379 217.1134 177.2653 180.6845 162.9050 164.5843 213.5980 206.2774 203.6337 204.8929 232.5260 216.3364 203.6337 203.7376 211.8532 200.8682 189.7621 127.3752 215.1912 253.1256 161.4142 168.5277 168.1300 170.8195 196.6303 248.7634 26.1434 46.8320 35.3160 79.9180 78.4158 74.8232 67.2399 98.3192 84.8768 76.6231 85.6109 129.7964 100.8494 105.3609 128.9511 102.9557 85.8412 23.5918 47.2070 76.4597 33.8812 33.1851 44.6554 35.3273 18.9777 16.0315 0.0000 56.2352 104.3345 122.5377 91.9870 115.1335 105.7249 89.9478 104.5612 82.8098 116.9681 75.0813 81.7538 134.0387 121.3251 91.4708 134.8726 101.9158 98.6438 56.6401 47.8627 71.4421 60.6044 177.5469 135.8103 130.5129 125.6405 156.8047 156.9978 116.6489 142.4482 141.7270 148.7961
69 83.5752 83.6516 131.0153 82.8894 101.7594 78.7819 159.3255 154.7491 87.7164 144.8950 102.5081 242.1133 230.7398 212.8158 237.8852 217.9192 231.1948 255.0023 211.9749 216.1798 147.2553 177.9421 193.4964 222.7793 197.9432 178.1447 225.3464 226.9808 197.9432 202.4705 210.7303 205.3169 182.1575 128.6561 202.3602 227.7554 141.0994 179.2244 171.7833 163.2114 175.7694 236.7486 65.8423 89.3466 65.4911 134.1793 134.5678 86.4937 94.6768 101.7041 102.2301 58.3407 108.5838 159.6746 139.1336 140.9776 164.3441 158.6988 142.0192 34.6844 17.4618 66.6833 73.0751 68.4933 48.6729 40.3461 39.2284 51.1473 56.2352 0.0000 126.4306 149.5346 126.3306 133.4840 129.4726 142.5872 152.5762 130.5547 163.9489 120.0904 134.6413 182.3529 170.7293 143.8309 174.2469 150.4937 121.2750 109.8682 97.1368 112.2102 111.0388 230.4820 191.9149 186.1857 181.2388 201.2630 195.0933 156.6269 178.3678 183.0971 181.9890
70 44.5883 62.2188 126.9244 44.4106 44.7495 49.4512 34.5837 113.8566 181.4917 87.7449 74.6148 131.0358 104.3596 86.4920 116.6704 99.5838 117.6709 133.6804 89.1993 93.9763 98.6434 61.3771 145.7225 101.9445 115.3855 150.5861 143.3579 113.0401 115.3855 110.1512 117.4351 101.8970 106.0437 47.7647 135.4571 189.2161 106.1538 66.6882 72.9243 90.7774 133.1060 164.4520 78.1912 62.6149 70.0347 142.3605 114.8574 40.6936 37.0964 39.9526 24.4187 80.8776 18.9441 36.0300 40.3277 34.1996 47.8036 120.4864 119.4940 103.2976 109.0085 177.3921 135.7644 136.5311 146.2134 134.8171 115.3039 119.7602 104.3345 126.4306 0.0000 24.3054 28.8199 12.5018 4.3664 89.5952 74.6046 66.3458 76.9987 57.1987 87.8928 93.5105 89.8229 88.7226 220.5676 176.7555 200.2221 132.4820 73.0017 47.6814 74.1252 225.3886 149.6833 137.7130 133.2537 96.3534 78.0130 52.5533 60.0763 74.3434 59.6268
71 68.7836 78.7428 132.5081 68.4492 58.5854 73.6147 10.2817 112.3344 199.2057 85.7164 84.6400 108.5238 82.3562 63.4881 92.4423 75.8945 94.8086 109.4165 64.9090 69.7158 112.4643 53.3675 155.4898 86.5888 117.8885 164.1647 143.9715 101.8482 117.8885 109.5299 115.8059 97.1515 111.6058 62.9145 141.1492 198.7036 121.9177 60.9224 74.1299 99.3786 144.8882 166.8592 96.7243 77.4129 89.9965 148.8135 118.5045 64.7388 56.7020 62.8811 48.4184 105.1800 40.9509 12.1157 35.3402 27.1178 27.4330 118.8399 121.8521 124.4429 132.0733 197.5188 151.9869 153.4019 165.9136 154.8947 135.3638 138.4026 122.5377 149.5346 24.3054 0.0000 33.2649 24.8495 20.5034 88.5066 68.0045 67.3079 66.3265 62.0700 89.0496 79.7572 79.3750 87.1469 229.3191 184.0066 215.1064 142.6795 84.5725 56.5610 81.7274 224.2151 144.3040 131.7092 127.7619 76.7042 55.0772 39.1064 37.4547 54.8223 35.5470
72 55.6452 48.0141 100.5453 53.9535 27.1603 59.5417 39.5066 85.0991 167.6414 58.9254 51.3758 117.8283 112.5968 92.6106 111.6703 91.6007 105.8923 128.7458 86.4959 90.3903 126.5915 84.6689 174.3923 119.8515 143.6081 178.3179 171.1993 134.6587 143.6081 137.4756 144.4394 127.4590 134.7361 75.9776 164.2071 217.8680 133.2181 91.3353 100.5300 119.5956 161.4472 192.7788 67.1084 45.5377 62.4093 116.5515 87.4535 50.8341 32.1802 61.8761 37.8198 92.2021 27.0306 38.1580 15.1468 14.6559 38.2006 91.7295 91.6090 97.4219 109.1467 168.1114 119.8032 121.5586 136.2771 125.8148 106.5443 108.0127 91.9870 126.3306 28.8199 33.2649 0.0000 40.4771 26.2402 60.8192 46.8002 37.7002 51.2896 29.7839 59.4684 69.3560 63.4404 59.9150 196.4757 151.5411 182.2199 109.4775 51.4125 23.3099 48.7552 196.8238 120.9678 109.1114 104.5865 78.8608 68.7736 32.2363 52.1963 58.3601 57.1545
73 50.0904 73.9044 139.3939 50.5985 57.0912 54.9732 34.2901 125.5328 192.2178 99.2099 87.0932 133.2967 97.8334 81.3046 115.5433 100.1377 119.5010 132.2412 87.7678 92.7781 89.6380 49.6455 135.2448 91.6331 103.2018 141.6236 131.0209 101.4441 103.2018 97.6929 104.9468 89.4669 94.3281 39.0577 123.8582 178.7290 98.2144 54.5131 60.4948 79.7300 123.3262 152.3398 89.0487 74.6698 80.3050 154.8579 127.2000 46.9931 48.2010 39.2595 31.8129 84.2185 29.6440 36.7986 50.3299 43.2584 51.7984 132.1617 131.7263 112.4888 116.2245 186.9458 147.1165 147.6785 156.1098 144.5417 125.1342 130.2922 115.1335 133.4840 12.5018 24.8495 40.4771 0.0000 14.2375 101.2445 84.8885 78.1754 86.0388 69.4565 99.8872 101.4994 99.0578 100.2790 233.0071 189.2542 211.8063 144.8778 85.3992 60.1591 86.6140 237.2992 160.6644 148.5088 144.1634 101.1656 79.8234 60.1453 62.2952 79.1525 59.5683
74 48.2858 62.9953 125.5836 47.9536 44.6480 53.1121 30.7297 111.3121 182.8453 85.0293 73.9276 126.7008 101.5454 83.3437 112.6562 95.3846 113.3614 129.6969 85.2650 89.9989 102.2861 61.2593 148.9047 100.6892 117.4152 154.2674 145.1477 112.6505 117.4152 111.6498 118.7868 102.6526 108.5285 51.3903 138.0327 192.4039 110.0428 67.0329 74.5389 93.6727 136.5423 166.5663 79.6066 62.9422 71.8584 141.2129 113.1417 44.2412 38.5987 44.3158 27.9197 84.8307 21.1846 31.9888 36.7699 30.3030 43.4432 117.9418 117.5742 105.5789 112.0255 179.4129 136.6901 137.6215 148.0863 136.7922 117.2521 121.2999 105.7249 129.4726 4.3664 20.5034 26.2402 14.2375 0.0000 87.0252 71.2243 63.9379 73.1980 55.3522 85.6591 89.4868 86.0888 86.0770 219.9549 175.8112 200.8949 132.0442 72.6377 46.4802 72.9441 223.0617 146.6735 134.6021 130.2014 92.0027 73.7270 48.4105 55.7830 69.9869 55.5664
75 102.5508 63.8678 50.5232 99.8690 57.5302 104.4399 89.7248 24.2887 148.7506 4.1334 40.3347 115.3497 150.7588 130.5206 128.1515 106.6051 109.2735 142.6304 112.3929 113.8516 185.7566 141.8542 234.6326 169.9319 204.1426 236.8271 231.3587 188.4642 204.1426 197.2633 203.8898 185.6511 195.5497 135.9089 225.0260 278.0197 191.0579 149.3951 160.7373 180.2971 221.0740 253.3485 77.6222 57.3637 81.9051 67.0495 34.2031 98.2598 74.2526 117.1276 91.8447 132.0487 82.5909 86.6834 53.1968 61.4027 74.0225 30.9172 35.0723 107.9977 128.6213 160.0933 101.7368 105.8071 130.5166 123.8326 108.8767 103.1509 89.9478 142.5872 89.5952 88.5066 60.8192 101.2445 87.0252 0.0000 25.6308 23.4271 36.9320 34.7968 8.2208 48.2802 34.7198 2.1033 148.2055 101.6749 151.4671 71.5800 45.9226 46.9801 32.0932 136.2552 61.7250 51.1006 46.1381 75.9790 88.7547 55.5893 82.0648 69.4752 92.5518
76 98.1457 69.3221 76.0862 95.8578 55.4291 101.0968 67.3712 46.2583 169.9769 21.6643 52.3641 94.3495 125.2263 105.0632 103.5503 81.8382 86.6160 118.6044 86.8298 88.4131 173.1423 120.5605 220.0913 145.7342 185.6765 224.9837 211.9757 165.1531 185.6765 177.5254 183.7091 164.4997 178.4723 122.3320 208.0960 263.5865 180.0063 128.5401 141.9255 164.5874 207.7089 234.7592 86.8266 63.3220 88.0035 92.6606 59.8242 93.4371 70.2826 108.1444 83.2386 131.9159 72.7766 64.0539 34.5592 42.0105 49.7124 52.3736 60.4653 119.0134 137.0291 178.5189 121.8467 125.3762 147.7384 139.6974 122.8359 119.2947 104.5612 152.5762 74.6046 68.0045 46.8002 84.8885 71.2243 25.6308 0.0000 22.0949 12.8016 33.0034 30.8574 29.8215 18.7786 23.6349 173.8247 127.2904 175.3268 95.7378 56.8759 43.5049 44.0795 156.8210 76.3804 63.9158 59.8222 53.4326 63.2418 31.3884 56.6776 44.1216 67.3622
77 80.8721 47.6123 65.8866 78.3258 36.2009 83.2125 69.9872 47.5644 150.5548 22.2323 30.7938 115.4640 136.4489 115.9284 121.2988 99.5416 106.8277 137.1364 101.5394 103.9367 162.3856 120.5417 211.2065 151.4813 181.2885 213.5613 208.7674 168.6787 181.2885 174.8766 181.6872 164.0319 172.3784 112.4818 201.8020 254.5928 167.8670 127.7539 138.0912 156.9494 197.6696 230.4692 64.7618 41.4572 66.3311 82.4855 51.2730 76.3883 52.4433 94.1601 68.8327 112.5731 59.3238 67.3113 32.3167 40.4285 57.4980 54.1874 54.5897 96.9200 115.1575 157.5391 102.0256 105.2079 126.4398 118.0606 100.9089 97.8136 82.8098 130.5547 66.3458 67.3079 37.7002 78.1754 63.9379 23.4271 22.0949 0.0000 34.1830 12.5789 21.9282 51.9149 40.2551 22.8272 163.8364 117.8070 158.6044 80.5205 34.9739 24.7051 22.9702 159.1240 84.8340 73.6912 68.8747 74.1792 78.8620 40.2045 68.1810 61.2274 77.5121
78 105.4100 80.3665 87.3343 103.3267 64.7873 108.7404 63.7759 54.5237 182.7667 32.8087 64.8350 81.6062 115.6574 95.8631 91.3099 69.7013 73.8290 106.1004 75.9372 77.1301 175.4447 117.0664 220.9703 138.7853 184.0468 227.4416 209.5163 159.2374 184.0468 174.9461 180.7309 160.7817 177.8939 124.5668 207.4609 264.3737 183.1443 125.3698 140.3425 165.0360 209.3635 232.8241 98.4337 74.6085 98.8960 103.7145 70.9097 100.6188 78.4056 113.1368 88.9562 140.3926 78.2207 60.2435 36.9806 42.9176 44.0318 60.0487 70.7429 130.7539 148.0885 191.2324 134.6482 138.1696 160.3662 152.1811 135.0881 131.8492 116.9681 163.9489 76.9987 66.3265 51.2896 86.0388 73.1980 36.9320 12.8016 34.1830 0.0000 43.8662 43.0434 19.0022 13.0909 34.8427 184.3683 137.8643 187.7584 108.0233 69.1548 53.0641 56.6692 162.0750 79.4124 66.5766 63.1590 40.6311 52.2373 27.3339 48.2331 32.7861 59.3071
79 68.3757 36.5092 70.7804 65.8032 23.6220 70.6542 66.4623 58.2211 146.2266 34.2569 25.4249 123.5047 136.4625 115.9838 126.0540 104.5247 113.9066 142.4100 104.3320 107.2512 151.2885 114.3781 200.6271 148.0704 172.5838 202.1522 200.4754 163.9074 172.5838 166.9825 174.0494 157.2405 162.9881 101.9398 192.2248 243.9015 156.3269 121.1157 129.8907 147.0042 186.7230 221.6402 54.7480 30.7767 55.1039 86.8787 57.8018 63.9321 39.9427 82.3339 57.0667 100.0636 48.0355 64.2702 29.6398 36.7777 57.5995 64.7574 62.2953 87.1240 104.2519 150.9979 97.5953 100.2595 119.4617 110.3817 92.4421 90.6444 75.0813 120.0904 57.1987 62.0700 29.7839 69.4565 55.3522 34.7968 33.0034 12.5789 43.8662 0.0000 31.3071 62.4562 51.7001 34.5581 167.2652 121.9850 157.0297 81.3066 27.9256 12.2723 20.1869 168.5629 96.5215 85.7103 80.8155 82.1839 82.7686 42.5148 69.8707 66.7082 78.0234
80 97.4409 57.0191 45.9442 94.6861 52.6665 99.0427 91.1914 27.1474 141.0816 11.6155 32.7244 122.7823 154.8044 134.4178 134.3089 112.6377 116.2723 149.1267 117.4533 119.1841 182.5256 142.3611 231.9338 172.2331 203.0685 233.2110 230.6381 190.0374 203.0685 196.7890 203.6135 185.9210 193.9148 133.2382 223.2556 275.2056 187.3087 149.6386 159.9608 178.1777 217.9945 252.2253 69.9683 50.5363 74.7110 62.6549 30.2759 93.3052 69.4416 113.1409 88.0305 125.7256 79.2944 88.3401 53.8158 62.0161 76.9196 33.5783 32.8275 100.0133 120.8714 152.0084 93.8086 97.8068 122.3359 115.6132 100.6924 94.9314 81.7538 134.6413 87.8928 89.0496 59.4684 99.8872 85.6591 8.2208 30.8574 21.9282 43.0434 31.3071 0.0000 55.8238 42.2970 9.9311 144.1652 97.7610 144.7390 64.9811 38.3739 42.9913 24.7904 137.5058 66.4144 56.6483 51.5780 82.9286 93.9684 58.7109 86.0037 74.9637 96.1433
81 124.1158 98.9417 96.0957 122.0914 83.7756 127.5399 75.2587 58.9986 196.9054 44.3445 81.8713 67.0789 115.6273 97.1280 83.3444 62.9416 61.7221 96.3472 73.5681 73.4694 191.1317 127.2764 235.2460 143.5713 195.8615 243.1007 220.2142 165.4879 195.8615 185.6969 190.9473 170.1942 190.8935 140.4660 220.2585 278.4464 199.4556 135.8667 152.5322 179.1357 224.3855 244.0546 116.6384 93.0395 117.5599 111.6621 79.7690 119.3111 97.3401 130.8922 107.1710 159.3301 96.3861 71.6404 54.5316 59.3750 54.2039 63.1082 77.8881 148.8347 166.6889 207.0839 149.4592 153.2981 176.6980 169.0152 152.4636 148.4926 134.0387 182.3529 93.5105 79.7572 69.3560 101.4994 89.4868 48.2802 29.8215 51.9149 19.0022 62.4562 55.8238 0.0000 13.5604 46.2457 190.2019 144.1757 199.3080 119.4797 86.5591 72.0204 73.4348 158.1620 73.9945 61.3362 59.1737 29.1564 50.9675 41.3550 53.5754 33.0577 64.4959
82 116.4330 87.8204 82.9932 114.2185 74.1851 119.5245 76.5511 46.8945 183.3721 30.7905 69.3191 80.6350 124.5930 105.3309 95.5795 74.6229 74.9797 109.1654 83.4682 83.9605 188.3702 129.7106 234.0483 149.8576 197.0092 240.3561 222.3225 170.8589 197.0092 187.7458 193.4348 173.2995 190.9620 137.4778 220.5210 277.4574 195.9138 138.0829 153.3313 178.1240 222.3825 245.7224 104.8926 81.7089 106.5323 98.7915 66.5914 111.6856 88.8165 125.2915 100.7674 150.5900 90.1240 72.9884 49.6021 55.8651 56.3792 51.6046 65.1027 136.8654 155.4122 193.8169 136.0127 139.9012 163.5988 156.1305 139.9018 135.5458 121.3251 170.7293 89.8229 79.3750 63.4404 99.0578 86.0888 34.7198 18.7786 40.2551 13.0909 51.7001 42.2970 13.5604 0.0000 32.6862 178.0953 131.8468 185.8508 105.9937 74.2166 62.2666 60.7901 150.7932 67.3749 54.5001 51.4502 41.9693 60.0664 40.3142 59.0137 40.8589 70.1695
83 102.5941 64.5783 52.5784 99.9380 57.5681 104.5747 88.1890 25.3500 150.7394 2.0347 41.4400 113.3056 148.8137 128.5962 126.0511 104.5087 107.1858 140.5274 110.3531 111.7910 185.2110 140.4682 233.9373 168.2220 203.0670 236.3748 230.2009 186.8705 203.0670 196.0596 202.6434 184.2983 194.6036 135.2368 224.1053 277.3475 190.6524 148.0580 159.6083 179.4702 220.4799 252.2752 78.6972 58.0774 82.7436 69.0832 36.2338 98.2581 74.2373 116.8215 91.5131 132.4938 82.1296 85.1161 51.8822 60.0688 72.2605 31.9540 36.9441 109.2790 129.7319 161.9273 103.6476 107.6873 132.2618 125.4823 110.3776 104.8016 91.4708 143.8309 88.7226 87.1469 59.9150 100.2790 86.0770 2.1033 23.6349 22.8272 34.8427 34.5581 9.9311 46.2457 32.6862 0.0000 150.1898 103.6557 153.5609 73.6753 46.9824 46.8015 33.0883 137.4003 62.0512 51.1635 46.2575 73.8866 86.7065 53.8150 80.1510 67.4112 90.6778
84 205.7554 162.0479 98.2495 202.9753 175.9910 204.0039 233.3953 131.2653 98.2347 152.1662 146.0275 252.8646 298.8813 278.5476 273.5224 252.7182 250.8264 286.2524 260.3010 261.4215 296.5423 280.8557 347.6135 315.0935 332.1764 339.7564 361.0403 331.1018 332.1764 329.5141 337.1804 322.4644 319.7812 256.0254 346.9081 387.8071 295.9372 286.9781 292.3917 301.4867 330.9377 379.4832 154.1805 159.5329 165.1371 81.5333 114.1081 204.1110 187.8039 228.4486 209.0302 211.3546 205.1325 230.9247 195.7605 203.5637 220.9304 127.1990 113.6254 154.7810 174.9403 128.3291 103.8871 107.3698 126.8604 133.9010 140.9113 128.3634 134.8726 174.2469 220.5676 229.3191 196.4757 233.0071 219.9549 148.2055 173.8247 163.8364 184.3683 167.2652 144.1652 190.2019 178.0953 150.1898 0.0000 46.5364 64.9387 88.2740 147.6417 173.7859 147.7204 93.0113 131.6669 139.2302 138.1673 219.3291 236.6022 202.8521 230.0932 217.1510 240.3084
85 166.5307 121.0062 51.9653 163.6455 132.7503 165.4290 187.6434 85.1777 94.6030 105.6306 102.2602 207.9310 252.3823 232.0720 227.3899 206.4419 205.2311 240.4361 213.7876 214.9502 258.1009 236.1877 309.3093 269.2657 290.1877 303.8327 318.8542 285.8524 290.1877 286.5559 294.0320 278.4599 278.5543 214.8639 306.4624 350.6819 258.8653 242.6282 249.3018 260.7530 293.1980 338.2476 116.4555 117.6102 127.2134 35.3224 67.6164 164.2978 145.8811 188.4277 167.3032 177.6193 162.3668 185.0703 149.9370 157.8561 174.6291 81.5079 67.1294 124.4664 147.0098 121.4956 77.5224 82.3784 108.5649 111.8572 112.8379 100.1021 101.9158 150.4937 176.7555 184.0066 151.5411 189.2542 175.8112 101.6749 127.2904 117.8070 137.8643 121.9850 97.7610 144.1757 131.8468 103.6557 46.5364 0.0000 73.7796 47.5387 104.5973 129.3556 102.9634 83.2549 91.0600 96.5888 94.7722 173.3316 190.0909 156.4716 183.6089 170.6501 193.8805
86 173.6835 138.0033 104.5948 171.3169 156.8059 170.6570 221.6646 143.8530 35.7399 155.5599 131.9037 266.1763 293.4376 272.9888 278.8497 257.1001 260.7213 293.8583 260.1437 262.4810 258.9964 261.4439 308.6328 301.2112 302.0863 296.6346 330.9203 313.2171 302.0863 302.3811 310.4929 299.1525 287.9371 225.9852 312.5447 345.9600 255.7897 266.0052 266.6521 268.8757 291.2024 346.4693 123.6569 138.0951 133.7266 91.7178 120.1755 173.4641 163.6540 196.8672 182.8371 168.8431 182.2015 220.0316 186.5545 193.0885 214.6081 142.6025 123.7040 111.6580 126.7103 65.3495 65.0699 65.5198 72.7639 82.8788 96.4180 86.1666 98.6438 121.2750 200.2221 215.1064 182.2199 211.8063 200.8949 151.4671 175.3268 158.6044 187.7584 157.0297 144.7390 199.3080 185.8508 153.5609 64.9387 73.7796 0.0000 79.8910 130.9459 159.0997 137.1420 150.6302 161.0822 163.9854 161.0400 227.4456 237.3149 198.5277 226.4353 218.9907 235.0202
87 119.1395 74.1361 27.9526 116.2714 87.8003 117.9380 147.7151 65.9399 81.2027 75.6780 58.2859 186.4499 216.8772 196.3480 199.2730 177.5754 180.8311 214.0828 181.5647 183.6095 210.6610 193.1845 261.8738 229.1454 244.1016 256.3196 272.9171 243.9735 244.1016 241.2457 248.9064 234.3418 232.0053 168.2273 259.5741 303.1540 211.3271 199.0602 204.1178 213.9533 245.6961 291.7356 68.9493 71.3153 79.6795 24.5582 41.3594 117.0443 99.6312 141.2762 120.9442 130.7161 116.8586 145.5749 110.7636 118.0838 137.7898 66.0691 46.2758 80.0701 103.4684 99.4409 42.1734 47.5077 76.3955 75.4255 70.7243 58.8513 56.6401 109.8682 132.4820 142.6795 109.4775 144.8778 132.0442 71.5800 95.7378 80.5205 108.0233 81.3066 64.9811 119.4797 105.9937 73.6753 88.2740 47.5387 79.8910 0.0000 59.4813 86.3636 61.1762 121.1011 92.1240 91.1711 87.2382 147.5563 158.3705 120.7210 148.6865 139.6844 157.9714
88 65.9638 20.3993 57.7509 63.0309 28.3503 66.3136 90.7475 62.4777 118.4971 47.9085 5.6739 150.3023 162.8059 142.4655 153.9765 132.4276 141.2595 170.3000 132.0576 135.0786 156.3373 133.8635 207.2003 171.1114 185.6022 204.8925 214.2571 184.9510 185.6022 182.1063 189.6768 174.8655 174.1882 110.7161 202.4589 249.6200 158.9968 139.6120 144.8957 156.7011 191.9048 233.8085 31.7148 14.6802 36.6106 71.4241 50.4117 62.7050 41.6857 85.7425 63.0485 89.2759 57.7805 89.0860 56.2529 62.3021 84.6789 67.9122 57.1864 62.8403 82.7584 123.2228 69.9395 72.4302 91.8291 83.1571 65.9636 63.0721 47.8627 97.1368 73.0017 84.5725 51.4125 85.3992 72.6377 45.9226 56.8759 34.9739 69.1548 27.9256 38.3739 86.5591 74.2166 46.9824 147.6417 104.5973 130.9459 59.4813 0.0000 28.1718 13.9335 163.0894 102.1813 93.7992 88.6943 108.9621 110.6855 70.3792 97.4241 94.4927 105.0481
89 56.1670 29.1146 79.2441 53.6281 11.9278 58.5593 62.5766 70.0895 145.5855 46.5271 28.1267 130.0026 134.9324 114.6913 129.2575 108.1740 119.5140 146.0027 105.8538 109.2424 139.5826 107.0700 189.2440 143.1494 162.7185 190.2256 190.9086 157.6159 162.7185 157.8314 165.1051 149.1086 152.5681 90.7246 181.6092 232.4177 144.3415 113.3080 120.5944 136.1629 175.0939 211.5946 48.4614 24.7544 46.7197 94.7430 67.5687 51.6910 27.7403 70.2363 45.0510 88.5360 36.4671 60.9512 29.4157 34.5377 57.6886 76.5645 72.6830 80.4891 95.8043 147.9002 97.3455 99.4117 116.0920 106.2610 87.5450 87.3993 71.4421 112.2102 47.6814 56.5610 23.3099 60.1591 46.4802 46.9801 43.5049 24.7051 53.0641 12.2723 42.9913 72.0204 62.2666 46.8015 173.7859 129.3556 159.0997 86.3636 28.1718 0.0000 26.4722 179.5367 108.6918 97.9632 93.0557 89.0532 85.7262 45.5922 71.0328 71.5311 77.8178
90 75.0367 32.3568 52.8600 72.1745 32.2196 76.0908 86.5394 50.1902 127.7537 33.9811 8.5882 138.2196 156.5179 136.0169 144.0145 122.2947 129.7768 159.9850 123.4406 126.0978 163.2995 133.2726 213.6518 168.0335 188.9011 212.9497 217.2080 183.3995 188.9011 184.2572 191.5596 175.5427 178.3859 115.7718 207.2028 256.5222 166.9491 139.6651 147.0058 161.5733 198.9234 237.6414 45.6296 25.9264 49.9262 68.2714 42.1841 71.2613 48.2523 92.8772 68.6676 101.3565 61.5529 84.4138 49.8014 56.9419 77.5093 56.0341 48.0808 76.6650 96.6829 134.6523 79.1606 82.2644 103.6972 95.6404 79.1125 75.2152 60.6044 111.0388 74.1252 81.7274 48.7552 86.6140 72.9441 32.0932 44.0795 22.9702 56.6692 20.1869 24.7904 73.4348 60.7901 33.0883 147.7204 102.9634 137.1420 61.1762 13.9335 26.4722 0.0000 155.1528 90.0166 80.9961 75.8954 97.0158 101.2245 61.5688 89.3566 84.0285 97.9011
91 229.0508 182.9921 106.5782 226.1194 187.3032 229.3068 224.1904 112.0548 176.7404 138.6830 158.6589 205.3317 273.6337 255.2826 235.2525 217.9567 208.3837 243.6410 231.1918 230.4506 318.4491 277.2666 368.6479 300.6428 340.3656 367.8569 367.6008 321.3043 340.3656 333.4390 339.9495 321.2043 331.4203 270.2608 360.7494 411.6382 321.8905 285.0928 296.9921 315.5610 354.0708 389.5633 185.1927 177.7491 194.7730 97.7959 113.0932 225.6977 203.3523 247.9969 223.7361 248.4314 215.9564 220.8710 189.1700 197.2947 205.8317 105.4761 107.1210 201.0861 224.5555 204.5127 158.8073 163.9531 191.2468 193.5003 191.5982 179.3430 177.5469 230.4820 225.3886 224.2151 196.8238 237.2992 223.0617 136.2552 156.8210 159.1240 162.0750 168.5629 137.5058 158.1620 150.7932 137.4003 93.0113 83.2549 150.6302 121.1011 163.0894 179.5367 155.1528 0.0000 84.1926 96.8385 99.3933 183.5596 209.1123 187.9612 209.8011 190.8811 220.9568
92 163.8468 122.1711 64.6534 161.0985 118.9690 165.4430 142.8953 39.8292 171.7367 62.6183 96.6389 125.4541 189.4500 171.1223 152.4809 134.3084 126.4845 162.2566 147.0578 146.4374 247.0966 196.2695 295.3601 217.0073 262.0565 298.3867 288.2388 238.2243 262.0565 253.7353 259.7607 240.0937 254.6927 196.8387 284.3063 338.8345 252.6975 204.4484 218.3032 240.3446 282.2418 311.1276 131.8447 115.8490 138.5834 71.2484 57.4035 159.6773 135.7449 178.8474 153.5522 191.2883 144.1578 139.4252 110.6003 118.3093 123.4412 34.3048 50.0311 157.7732 180.6030 191.5644 133.5343 138.7131 167.2283 164.1498 154.0572 144.7443 135.8103 191.9149 149.6833 144.3040 120.9678 160.6644 146.6735 61.7250 76.3804 84.8340 79.4124 96.5215 66.4144 73.9945 67.3749 62.0512 131.6669 91.0600 161.0822 92.1240 102.1813 108.6918 90.0166 84.1926 0.0000 12.8747 16.5596 99.7192 124.9259 106.2899 126.2419 106.8333 137.3817
93 153.6448 113.3469 63.2232 150.9527 108.6297 155.4715 130.1372 31.6600 172.0030 51.4963 88.1617 115.1975 176.9086 158.4454 140.8905 122.2831 115.3799 151.2288 134.6192 134.1294 235.5217 183.5061 283.4354 204.1634 249.5337 286.9872 275.5903 225.3507 249.5337 241.0680 247.0443 227.3047 242.3652 185.0761 271.9869 326.9275 241.4313 191.7138 205.7707 228.2324 270.5347 298.5640 124.3555 106.9213 130.4019 72.6026 53.0310 149.3604 125.3510 167.8513 142.5236 182.3008 132.8991 126.6546 98.3059 105.9137 110.5976 27.5626 46.1952 151.7117 174.0733 190.1714 131.3780 136.4030 164.4312 160.4867 149.1301 140.5682 130.5129 186.1857 137.7130 131.7092 109.1114 148.5088 134.6021 51.1006 63.9158 73.6912 66.5766 85.7103 56.6483 61.3362 54.5001 51.1635 139.2302 96.5888 163.9854 91.1711 93.7992 97.9632 80.9961 96.8385 12.8747 0.0000 5.1059 87.6239 112.3009 93.5300 113.3812 94.0713 124.5239
94 148.6575 108.2447 59.2949 145.9569 103.6536 150.4536 126.4576 26.6123 168.2515 46.6524 83.0562 115.3354 174.7894 156.0856 139.9289 120.9043 114.8852 150.7364 132.6944 132.3895 230.8871 179.8303 278.9615 201.2992 245.4987 282.2910 271.7100 222.2443 245.4987 237.2161 243.2721 223.6849 238.1492 180.5173 267.7649 322.4458 236.6886 187.9784 201.7466 223.8636 265.9567 294.5744 119.2751 101.8212 125.2977 69.4254 48.4671 144.3899 120.3883 163.0240 137.7007 177.2079 128.1408 123.0039 94.0570 101.7522 107.1792 22.7633 41.8010 146.7379 169.0495 185.9869 127.0728 132.0581 159.9598 155.8536 144.2991 135.8594 125.6405 181.2388 133.2537 127.7619 104.5865 144.1634 130.2014 46.1381 59.8222 68.8747 63.1590 80.8155 51.5780 59.1737 51.4502 46.2575 138.1673 94.7722 161.0400 87.2382 88.6943 93.0557 75.8954 99.3933 16.5596 5.1059 0.0000 86.2376 110.0873 89.8651 110.4587 91.5689 121.6137
95 134.2077 117.8695 124.9621 132.6807 99.7833 138.2842 69.0579 88.1540 223.3615 71.8926 104.9720 41.3564 90.9206 74.3236 54.3200 34.6732 33.3451 67.2394 48.2580 46.9970 188.6092 115.2812 228.7461 123.3251 184.9630 239.8464 207.0449 146.6260 184.9630 173.1085 177.3884 155.7266 182.3187 139.6129 210.8632 271.1043 198.5094 124.0441 143.2115 173.0567 219.7359 231.5307 136.7550 112.6604 135.7720 140.6977 108.5579 129.4342 110.3478 136.0928 115.0754 171.0306 104.5374 65.7470 64.0573 65.3881 49.3733 92.1740 106.9519 169.1038 184.7706 231.6680 175.2793 178.7879 200.6187 192.1166 174.5446 171.9680 156.8047 201.2630 96.3534 76.7042 78.8608 101.1656 92.0027 75.9790 53.4326 74.1792 40.6311 82.1839 82.9286 29.1564 41.9693 73.8866 219.3291 173.3316 227.4456 147.5563 108.9621 89.0532 97.0158 183.5596 99.7192 87.6239 86.2376 0.0000 29.6498 46.6291 41.2627 22.0601 49.7111
96 120.3452 114.5128 139.2767 119.3727 94.2742 124.8900 45.6560 106.3312 228.8353 84.6917 107.9369 53.4757 64.7269 46.2721 43.5327 22.8272 39.7494 60.3364 23.6999 25.2428 163.4837 86.5449 201.3061 94.1688 156.1263 213.9041 177.6419 117.1756 156.1263 143.8844 147.9698 126.2139 154.2773 116.3810 182.3956 243.1745 174.2320 95.2783 115.1758 146.1769 193.1996 202.2060 133.9697 110.4802 130.6363 155.7807 122.9332 115.8166 100.7560 117.6818 100.0797 157.5176 90.4686 43.0278 56.6429 54.1198 31.3465 111.4580 122.9775 165.4287 177.9199 233.3643 180.1877 182.9888 201.6365 191.9724 173.2469 172.8490 156.9978 195.0933 78.0130 55.0772 68.7736 79.8234 73.7270 88.7547 63.2418 78.8620 52.2373 82.7686 93.9684 50.9675 60.0664 86.7065 236.6022 190.0909 237.3149 158.3705 110.6855 85.7262 101.2245 209.1123 124.9259 112.3009 110.0873 29.6498 0.0000 40.3919 17.9507 19.4870 21.9546
97 87.6571 74.6163 104.6040 86.0799 54.9497 91.6805 36.6075 77.5919 188.7337 52.0217 67.8499 85.9698 96.4155 75.9324 83.8695 62.6169 74.5828 100.4897 61.9055 64.7393 149.7768 89.9801 194.2815 114.4981 156.7157 201.7487 182.2338 133.7662 156.7157 147.6724 153.5399 133.8199 150.7116 99.1330 180.2472 237.5991 158.1798 98.1929 113.0214 138.2310 183.1339 205.4955 94.0290 70.2964 91.4496 121.3212 88.9336 82.8689 63.9783 91.1340 68.8803 124.4061 58.2045 33.1390 17.6779 19.1675 18.4529 83.7561 90.6098 125.8653 139.7471 192.9822 140.0945 142.7711 161.2720 151.7004 133.1139 132.4739 116.6489 156.6269 52.5533 39.1064 32.2363 60.1453 48.4105 55.5893 31.3884 40.2045 27.3339 42.5148 58.7109 41.3550 40.3142 53.8150 202.8521 156.4716 198.5277 120.7210 70.3792 45.5922 61.5688 187.9612 106.2899 93.5300 89.8651 46.6291 40.3919 0.0000 27.9827 26.5329 37.5287
98 102.5218 99.1830 131.9393 101.6087 78.5597 107.1027 28.5382 102.3835 215.9201 78.2349 95.2956 71.1479 68.8026 48.4672 59.5191 40.1863 57.6139 76.6368 34.8211 38.3513 147.7423 75.0380 187.5071 90.8442 144.5426 198.7461 167.6986 112.1099 144.5426 133.3814 138.2012 117.0639 141.2741 99.5991 170.0390 229.9623 158.0250 83.7739 102.2262 131.7945 178.5088 191.8905 118.5887 95.6414 114.5402 148.6392 115.9934 98.0287 83.7585 99.8064 82.2055 139.6666 72.7226 25.5892 41.6196 37.7110 14.0245 108.1293 117.0856 149.5091 161.0920 218.9054 167.3495 169.8203 187.0774 177.0491 158.0395 158.4249 142.4482 178.3678 60.0763 37.4547 52.1963 62.2952 55.7830 82.0648 56.6776 68.1810 48.2331 69.8707 86.0037 53.5754 59.0137 80.1510 230.0932 183.6089 226.4353 148.6865 97.4241 71.0328 89.3566 209.8011 126.2419 113.3812 110.4587 41.2627 17.9507 27.9827 0.0000 21.5170 11.1560
99 113.0774 100.6456 119.9870 111.6873 81.3571 117.2912 47.6517 86.8670 211.7619 65.3875 91.2447 59.5006 83.7359 64.5708 60.0964 38.3226 48.1016 75.9626 43.1746 44.3839 167.0492 96.5300 208.1933 110.5171 165.9616 218.4954 189.2148 132.5741 165.9616 154.8951 159.7094 138.5191 162.3617 117.7277 191.2836 250.8739 176.7272 105.2564 123.4085 152.2672 198.6676 213.4029 119.9534 95.9982 117.8144 136.4384 103.6036 108.3458 90.3747 114.1518 93.6028 150.1101 83.2080 44.2214 44.1905 44.2901 27.4079 92.0509 103.5264 152.0093 166.2583 217.6905 163.1886 166.2429 186.1688 176.9742 158.7058 157.3494 141.7270 183.0971 74.3434 54.8223 58.3601 79.1525 69.9869 69.4752 44.1216 61.2274 32.7861 66.7082 74.9637 33.0577 40.8589 67.4112 217.1510 170.6501 218.9907 139.6844 94.4927 71.5311 84.0285 190.8811 106.8333 94.0713 91.5689 22.0601 19.4870 26.5329 21.5170 0.0000 31.8858
100 103.5788 105.0284 142.0760 102.9728 84.1913 108.3188 25.4182 113.2850 223.3350 88.7931 103.3426 74.6010 58.9387 38.4269 57.1143 40.5724 60.5052 74.2004 30.0737 34.5756 141.5694 65.5842 179.5729 79.6882 135.2624 191.9511 157.7529 101.0455 135.2624 123.6110 128.1630 106.7921 132.7774 94.9448 161.1817 221.6427 152.4264 74.3478 93.6519 124.2911 171.2814 182.1014 124.2408 102.0087 119.3653 158.7917 126.2830 99.3044 87.4176 98.3364 83.1097 140.3744 74.4537 23.5970 48.7954 43.4447 20.4256 119.0959 127.6185 154.3850 164.5893 225.1207 174.9259 177.1648 193.2717 182.9289 163.6934 164.8234 148.7961 181.9890 59.6268 35.5470 57.1545 59.5683 55.5664 92.5518 67.3622 77.5121 59.3071 78.0234 96.1433 64.4959 70.1695 90.6778 240.3084 193.8805 235.0202 157.9714 105.0481 77.8178 97.9011 220.9568 137.3817 124.5239 121.6137 49.7111 21.9546 37.5287 11.1560 31.8858 0.0000
;

end;