# Archivo de datos para el modelo de Enrutamiento de Vehículos (N=55 Clientes)

param N := 55;
param K := 20;
param T := 5;

param Q :=
1 5000
2 5000
3 5000
4 5000
5 5000
6 5000
7 10000
8 10000
9 10000
10 10000
11 10000
12 10000
13 10000
14 10000
15 15000
16 15000
17 15000
18 15000
19 15000
20 15000
;

# Demands
# Note i = 0 is the depot
param w :=
0 0
1 541
2 541
3 541
4 541
5 541
6 541
7 541
8 541
9 1028
10 1028
11 1028
12 1028
13 1028
14 1028
15 1028
16 1028
17 1028
18 1028
19 1028
20 1028
21 1028
22 1028
23 345
24 345
25 345
26 345
27 345
28 345
29 345
30 345
31 345
32 769
33 769
34 769
35 769
36 769
37 769
38 769
39 769
40 548
41 548
42 548
43 548
44 548
45 528
46 528
47 528
48 866
49 866
50 919
51 919
52 919
53 649
54 649
55 649
;

param W :=
0 0
1 1802
2 1802
3 1802
4 1802
5 1802
6 1802
7 1802
8 1802
9 3426
10 3426
11 3426
12 3426
13 3426
14 3426
15 3426
16 3426
17 3426
18 3426
19 3426
20 3426
21 3426
22 3426
23 1151
24 1151
25 1151
26 1151
27 1151
28 1151
29 1151
30 1151
31 1151
32 2563
33 2563
34 2563
35 2563
36 2563
37 2563
38 2563
39 2563
40 1827
41 1827
42 1827
43 1827
44 1827
45 1759
46 1759
47 1759
48 2885
49 2885
50 3064
51 3064
52 3064
53 2163
54 2163
55 2163
;

param serv :=
0 0
1 33
2 33
3 33
4 33
5 33
6 33
7 33
8 33
9 37
10 37
11 37
12 37
13 37
14 37
15 37
16 37
17 37
18 37
19 37
20 37
21 37
22 37
23 32
24 32
25 32
26 32
27 32
28 32
29 32
30 32
31 32
32 35
33 35
34 35
35 35
36 35
37 35
38 35
39 35
40 33
41 33
42 33
43 33
44 33
45 33
46 33
47 33
48 36
49 36
50 36
51 36
52 36
53 34
54 34
55 34
;

param early :=
0 0
1 0
2 480
3 480
4 480
5 480
6 480
7 480
8 480
9 480
10 480
11 480
12 480
13 480
14 480
15 480
16 480
17 480
18 480
19 480
20 480
21 480
22 0
23 480
24 480
25 480
26 480
27 480
28 480
29 480
30 480
31 480
32 480
33 480
34 480
35 480
36 480
37 480
38 480
39 0
40 0
41 480
42 480
43 480
44 480
45 420
46 480
47 480
48 480
49 480
50 480
51 480
52 480
53 480
54 480
55 0
;

param late :=
0 1440
1 1439
2 960
3 960
4 1200
5 1170
6 960
7 960
8 960
9 960
10 1200
11 960
12 960
13 960
14 960
15 960
16 960
17 960
18 960
19 960
20 960
21 960
22 1439
23 960
24 960
25 960
26 960
27 960
28 960
29 960
30 960
31 960
32 930
33 930
34 930
35 930
36 930
37 930
38 960
39 1439
40 1439
41 960
42 960
43 960
44 960
45 1200
46 960
47 960
48 1260
49 930
50 960
51 960
52 960
53 960
54 960
55 1439
;

param duedate :=
0 5
1 5
2 5
3 5
4 5
5 5
6 5
7 5
8 5
9 5
10 5
11 5
12 5
13 5
14 5
15 5
16 5
17 5
18 5
19 5
20 5
21 5
22 5
23 5
24 5
25 5
26 5
27 5
28 5
29 5
30 5
31 5
32 5
33 5
34 5
35 5
36 5
37 5
38 5
39 5
40 5
41 5
42 5
43 5
44 5
45 5
46 5
47 5
48 5
49 5
50 5
51 5
52 5
53 5
54 5
55 5
;

# Matriz de Tiempo / Distancias (c[i,j])
# La matriz es de 56x56 (nodos 0 a 55)
param c :
0 1 2 3 4 5 6 7 8 9 10 11 12 13 14 15 16 17 18 19 20 21 22 23 24 25 26 27 28 29 30 31 32 33 34 35 36 37 38 39 40 41 42 43 44 45 46 47 48 49 50 51 52 53 54 55 :=
0 0.0000 0.3177 54.2940 30.4657 30.6686 39.8187 31.5162 75.1061 4.9455 98.4485 99.2173 118.6127 90.3433 160.7421 138.7882 139.4915 132.0902 117.7769 82.1434 105.8616 110.5380 95.0444 96.6148 148.6708 189.5409 183.5389 196.3019 169.0771 139.1866 179.6557 157.1736 206.6062 84.8838 71.3741 90.0666 82.3177 85.8190 85.6373 82.3300 85.0323 98.7167 55.9812 101.0065 145.8584 98.9683 132.1286 144.2073 102.3190 107.4112 104.8035 119.5577 100.9342 119.5276 147.8941 130.9647 147.8526
1 0.3177 0.0000 53.9764 30.7143 30.3751 40.1346 31.7244 74.7972 4.9397 98.3933 99.1446 118.2950 90.0259 160.6309 138.7677 139.2934 131.7928 117.6044 81.8685 105.5459 110.4511 94.9633 96.5925 148.3602 189.2252 183.2722 195.9975 168.8273 138.8841 179.3708 156.8702 206.3091 85.1738 71.5500 90.3404 82.6062 86.1153 85.9217 82.6214 85.3265 98.9942 56.1989 101.2138 146.0338 99.2384 132.2235 144.2537 102.4670 107.5175 104.9636 119.8699 101.2506 119.8262 148.1840 131.2200 148.1440
2 54.2940 53.9764 0.0000 80.6187 28.9160 93.9283 78.9063 26.3991 54.3698 104.7877 102.5770 64.3187 36.2930 151.6275 146.7230 114.8591 84.0859 100.4143 45.4583 52.5473 110.0063 97.6442 108.3463 96.6468 135.9182 141.8467 145.5510 131.6239 89.5979 133.8273 107.0216 157.5560 136.5248 111.5867 139.9390 133.8357 138.0923 136.6846 134.1426 137.1024 148.1423 100.7276 141.8647 180.7883 147.5036 157.9585 162.2546 137.0285 134.7095 139.4730 173.3334 154.9993 171.8079 199.0047 178.0164 199.1493
3 30.4657 30.7143 80.6187 0.0000 52.6454 28.1423 5.8071 96.8369 27.8628 88.0253 90.4536 143.9534 115.0934 154.0009 123.8840 142.7425 149.9694 118.6615 97.4181 129.1594 102.6811 87.3087 83.2028 169.5618 212.1261 195.3162 215.1005 178.5049 158.0545 194.5142 176.0704 223.6256 55.9223 43.3756 60.0656 53.2463 57.5053 56.2202 53.5250 56.4898 91.6820 61.6352 104.4995 151.7053 93.3359 108.2199 123.6719 75.4014 120.9201 113.3894 93.7500 81.8317 91.1915 118.6491 100.5262 118.7242
4 30.6686 30.3751 28.9160 52.6454 0.0000 69.7862 50.4112 45.0662 28.9025 85.9511 85.0296 91.3109 62.4494 141.6287 128.2500 113.6327 101.4426 94.1723 51.9066 76.8348 94.6069 80.2620 87.3306 118.6192 160.2747 153.4821 165.8186 139.8012 108.6448 149.0709 126.6623 175.9522 108.2872 82.9318 111.2716 105.5730 110.0852 108.2723 105.9770 109.0167 129.2233 84.8522 129.0986 172.1072 129.3217 132.9550 139.9436 109.4796 129.9049 130.5028 146.2053 130.5651 143.6637 170.4356 149.1004 170.6242
5 39.8187 40.1346 93.9283 28.1423 69.7862 0.0000 33.9492 114.7108 40.8846 116.0342 118.5635 158.1969 130.1004 182.1147 150.7972 169.8840 170.9374 146.1690 119.6312 145.6797 130.8048 115.4494 110.8445 188.3146 229.3589 219.8191 235.5630 203.9320 178.3597 217.4654 196.3966 245.3328 54.3211 63.7394 62.7818 52.3196 53.6221 56.3653 51.6120 53.4126 64.0078 36.6545 76.9968 124.3501 65.4186 130.3782 148.1011 95.1717 97.1197 87.3506 82.2514 61.1210 85.5858 115.2636 105.2104 114.9175
6 31.5162 31.7244 78.9063 5.8071 50.4112 33.9492 0.0000 93.8295 28.1437 82.2503 84.6528 141.5880 112.6795 148.1983 118.3820 137.2104 145.9872 113.0393 93.2764 126.3156 96.8770 81.5016 77.5303 166.0705 208.9151 190.4175 211.1421 173.3909 154.2164 189.9897 172.1949 219.3692 57.9183 40.3021 61.0662 55.1945 59.8890 57.8618 55.6556 58.7514 97.4171 67.1211 110.2248 157.3964 99.1062 103.9668 118.8023 71.9692 126.0811 118.9004 96.9244 86.5956 93.3130 120.1017 100.4582 120.2598
7 75.1061 74.7972 26.3991 96.8369 45.0662 114.7108 93.8295 0.0000 73.8672 97.0895 93.6552 49.6314 22.1253 134.0760 136.8793 92.5781 58.3063 81.8636 23.7411 32.6117 98.5236 88.8828 102.9170 73.6038 115.3545 115.4491 121.3823 105.5923 64.5509 107.7209 82.3757 132.4606 151.4912 120.0561 153.2578 148.7484 153.6720 151.0924 149.3327 152.4871 172.2226 125.6691 167.7324 207.1586 171.8844 156.3137 156.5394 141.0263 161.0711 165.7946 190.5796 175.6119 186.8333 212.3932 188.2326 212.7312
8 4.9455 4.9397 54.3698 27.8628 28.9025 40.8846 28.1437 73.8672 0.0000 93.5440 94.3578 118.5600 90.0328 156.0369 133.8433 135.5077 130.2013 113.5233 79.5625 105.1698 105.7264 90.2125 91.6705 147.4648 188.7999 180.6922 194.7054 165.8733 137.5161 177.2980 155.5436 204.6707 83.2192 67.4577 87.8816 80.6022 84.3992 83.7754 80.7208 83.5287 101.4277 59.8424 104.9600 150.1379 101.8658 127.4987 139.3597 98.0933 112.1603 109.2221 118.9857 101.7623 118.1665 146.1724 128.2880 146.1868
9 98.4485 98.3933 104.7877 88.0253 85.9511 116.0342 82.2503 97.0895 93.5440 0.0000 5.6275 141.7956 118.5102 66.3812 42.3576 70.8536 117.8205 46.8396 77.5447 122.2902 16.1267 8.7632 10.3074 143.9298 187.0382 136.9065 175.6410 115.9950 127.4371 144.8916 142.1386 177.4969 113.3145 67.9002 107.7544 111.1301 117.5235 110.6736 112.7248 115.8210 178.1426 148.5507 192.4044 239.4391 180.2883 63.6605 59.5763 65.0898 205.1737 200.1390 154.0490 158.6709 141.1569 156.4717 123.8747 157.5162
10 99.2173 99.1446 102.5770 90.4536 85.0296 118.5635 84.6528 93.6552 94.3578 5.6275 0.0000 137.5665 114.8288 63.5512 44.1466 65.3986 112.6051 41.2495 73.4700 118.0454 12.3006 4.9328 15.9079 138.7780 181.7594 131.3013 170.0942 110.4187 122.2143 139.2723 136.7646 171.8821 117.8486 72.4571 112.5558 115.6161 122.0078 115.2816 117.1814 120.3120 181.1585 150.3929 194.5568 241.4412 183.1957 68.8591 63.5929 70.6474 206.3330 201.8184 158.8051 162.6338 146.1829 161.8532 129.3720 162.8827
11 118.6127 118.2950 64.3187 143.9534 91.3109 158.1969 141.5880 49.6314 118.5600 141.7956 137.5665 0.0000 28.9142 164.9266 178.3200 115.6104 48.8989 114.8634 64.3203 19.5229 139.8528 133.1489 148.9527 42.8995 73.6265 107.9226 90.7919 107.6083 46.9377 92.1658 58.0617 106.1562 199.5062 169.6420 201.9587 196.7810 201.3832 199.3610 197.2323 200.2971 209.8674 161.5383 198.8313 232.0936 208.7441 203.5141 201.1569 190.3153 183.4029 192.7235 237.3307 219.2011 234.9009 261.1858 237.7351 261.4552
12 90.3433 90.0259 36.2930 115.0934 62.4494 130.1004 112.6795 22.1253 90.0328 118.5102 114.8288 28.9142 0.0000 150.7746 157.4469 105.4432 54.2922 98.7961 42.1565 17.0956 118.8796 110.1427 124.6964 61.6443 99.6580 115.3549 111.0586 109.4864 57.4860 103.8427 73.6556 124.2869 170.5969 141.2258 173.0673 167.8707 172.4927 170.4468 168.3281 171.3990 183.8913 136.0046 175.4828 211.7228 183.0663 178.3599 178.0673 162.9821 163.9669 171.1968 208.5807 191.2082 205.9924 232.2971 209.1485 232.5586
13 160.7421 160.6309 151.6275 154.0009 141.6287 182.1147 148.1983 134.0760 156.0369 66.3812 63.5512 164.9266 150.7746 0.0000 48.8386 51.6131 123.9580 52.2334 110.3607 146.8979 51.3292 66.8280 73.3439 148.7285 184.6205 110.1463 161.9812 89.3948 132.0603 126.4647 140.0079 157.0339 177.0172 132.1619 170.0944 175.0670 181.4054 174.0541 176.7697 179.6904 244.5205 213.5201 257.9423 304.6634 246.6409 98.7882 77.7231 119.9846 268.1416 264.6499 216.1022 224.0717 201.2169 211.4556 177.1119 212.7666
14 138.7882 138.7677 146.7230 123.8840 128.2500 150.7972 118.3820 136.8793 133.8433 42.3576 44.1466 178.3200 157.4469 48.8386 0.0000 83.3757 147.0165 67.7695 115.4300 158.8974 38.6134 49.0794 42.1801 173.3674 214.1309 150.1469 197.0274 128.5195 156.3111 163.0358 168.3990 195.2783 135.1318 92.6861 126.9323 133.5265 139.6439 131.8592 135.3311 137.9518 209.5150 185.4991 227.7852 275.1462 212.2261 49.9496 30.2841 74.1556 243.9295 237.2700 171.8637 184.0966 155.7657 163.7649 129.2745 165.1417
15 139.4915 139.2934 114.8591 142.7425 113.6327 169.8840 137.2104 92.5781 135.5077 70.8536 65.3986 115.6104 105.4432 51.6131 83.3757 0.0000 72.5157 25.1552 69.7016 98.7140 56.7481 64.9671 81.1001 97.1164 133.9219 67.7041 113.9980 46.1629 80.4669 79.6659 88.7835 111.9360 180.5151 135.8117 176.3717 178.0921 184.4076 178.2949 179.5065 182.7595 233.8765 195.3497 240.4613 285.0598 235.0969 127.5393 113.1092 135.8512 243.5159 243.6459 222.1832 221.8166 210.6857 227.2264 194.7212 228.2404
16 132.0902 131.7928 84.0859 149.9694 101.4426 170.9374 145.9872 58.3063 130.2013 117.8205 112.6051 48.8989 54.2922 123.9580 147.0165 72.5157 0.0000 79.4171 52.8368 39.0916 110.8648 109.1987 126.9721 26.4034 69.3367 61.3590 65.1553 58.7500 9.6225 49.9860 26.4616 74.5187 201.4774 163.6159 201.2589 198.7511 204.2906 200.4495 199.6307 202.9181 230.1707 183.9494 225.9112 264.3883 229.9660 181.4578 173.7156 176.8311 217.3256 223.3142 242.3603 231.0164 236.0549 258.9998 231.0338 259.5912
17 117.7769 117.6044 100.4143 118.6615 94.1723 146.1690 113.0393 81.8636 113.5233 46.8396 41.2495 114.8634 98.7961 52.2334 67.7695 25.1552 79.4171 0.0000 58.1358 96.1405 34.4764 40.2600 57.1463 105.6943 146.4668 90.0824 131.1802 69.1771 88.6175 98.9451 100.7549 131.6184 155.3611 110.6840 151.2508 152.9408 159.2593 153.1405 154.3591 157.6097 210.1598 173.1604 218.2915 263.6327 211.5513 106.9053 95.5988 111.8862 223.6336 222.5160 197.0307 196.9721 185.6360 202.6352 170.5004 203.6138
18 82.1434 81.8685 45.4583 97.4181 51.9066 119.6312 93.2764 23.7411 79.5625 77.5447 73.4700 64.3203 42.1565 110.3607 115.4300 69.7016 52.8368 58.1358 0.0000 44.8734 76.8251 68.9529 84.6481 74.8876 118.8907 101.5775 117.9539 88.5048 61.4288 97.8398 79.2181 126.2306 148.7025 112.0308 148.7546 145.9717 151.4745 147.7379 146.8300 150.1116 180.8546 136.6909 180.5865 222.4135 181.0902 139.3493 137.0318 128.5399 178.0568 180.7677 189.5235 178.8921 183.4161 206.9496 180.1016 207.4766
19 105.8616 105.5459 52.5473 129.1594 76.8348 145.6797 126.3156 32.6117 105.1698 122.2902 118.0454 19.5229 17.0956 146.8979 158.8974 98.7140 39.0916 96.1405 44.8734 0.0000 120.3927 113.6356 129.5214 44.5724 83.6793 100.4422 93.9661 96.5407 41.0515 87.7143 56.6971 107.2624 184.0605 152.2181 185.8664 181.3193 186.1927 183.6902 181.8841 185.0249 200.5891 152.8605 192.5683 228.7000 199.8462 184.1767 181.6350 171.7885 180.8034 188.2524 222.8973 206.7861 219.4174 244.9887 220.5010 245.3335
20 110.5380 110.4511 110.0063 102.6811 94.6069 130.8048 96.8770 98.5236 105.7264 16.1267 12.3006 139.8528 118.8796 51.3292 38.6134 56.7481 110.8648 34.4764 76.8251 120.3927 0.0000 15.6137 25.4407 137.2529 179.3385 123.9198 165.4800 102.6353 120.3687 133.4158 133.8485 166.0880 129.4313 84.0190 123.7735 127.2532 133.6465 126.7748 128.8502 131.9434 193.4582 162.3689 206.6603 253.4696 195.4894 72.4712 62.8943 79.4797 217.8475 213.6852 170.0834 174.6994 156.9635 171.5299 138.4737 172.6233
21 95.0444 94.9633 97.6442 87.3087 80.2620 115.4494 81.5016 88.8828 90.2125 8.7632 4.9328 133.1489 110.1427 66.8280 49.0794 64.9671 109.1987 40.2600 68.9529 113.6356 15.6137 0.0000 18.0146 135.2617 178.4590 129.9632 167.5422 109.3249 118.8190 137.2483 133.6741 169.7847 116.7946 71.5425 111.9168 114.4978 120.8781 114.3387 116.0200 119.1937 178.3859 146.7712 191.1160 237.8848 180.3302 72.3487 68.0834 71.9435 202.2944 198.0718 158.0427 160.8080 145.9011 162.3816 130.3114 163.3673
22 96.6148 96.5925 108.3463 83.2028 87.3306 110.8445 77.5303 102.9170 91.6705 10.3074 15.9079 148.9527 124.6964 73.3439 42.1801 81.1001 126.9721 57.1463 84.6481 129.5214 25.4407 18.0146 0.0000 152.9215 196.2812 147.2082 185.5450 126.3020 136.5946 155.0522 151.6194 187.6325 104.5324 59.2315 98.5282 102.4352 108.8187 101.7696 104.0776 107.1081 171.8970 144.4856 187.6731 234.9076 174.2315 55.0228 54.0525 54.7936 202.2086 196.2437 144.8456 150.7966 131.5358 146.3427 113.6219 147.4056
23 148.6708 148.3602 96.6468 169.5618 118.6192 188.3146 166.0705 73.6038 147.4648 143.9298 138.7780 42.8995 61.6443 148.7285 173.3674 97.1164 26.4034 105.6943 74.8876 44.5724 137.2529 135.2617 152.9215 0.0000 44.1297 68.9281 49.4651 74.1343 17.0850 50.7494 15.9438 63.6568 222.8281 186.8940 223.3894 220.0847 225.3721 222.0581 220.8395 224.0795 244.7787 197.2731 237.1254 272.7014 244.1463 207.5901 200.1139 201.7903 224.4508 232.5341 262.9718 249.1839 257.8330 281.7977 254.8422 282.3059
24 189.5409 189.2252 135.9182 212.1261 160.2747 229.3589 208.9151 115.3545 188.7999 187.0382 181.7594 73.6265 99.6580 184.6205 214.1309 133.9219 69.3367 146.4668 118.8907 83.6793 179.3385 178.4590 196.2812 44.1297 0.0000 85.4563 34.8238 99.7911 59.7221 64.2501 45.7322 52.1806 266.1323 230.9213 267.0330 263.3860 268.5394 265.4831 264.0791 267.2892 283.1880 234.9828 272.3698 304.4378 282.1757 250.6107 241.8755 245.8287 255.4662 265.7510 305.8111 290.4630 301.2835 325.6375 298.9374 326.1167
25 183.5389 183.2722 141.8467 195.3162 153.4821 219.8191 190.4175 115.4491 180.6922 136.9065 131.3013 107.9226 115.3549 110.1463 150.1469 67.7041 61.3590 90.0824 101.5775 100.4422 123.9198 129.9632 147.2082 68.9281 85.4563 0.0000 55.1813 21.6488 61.0339 21.2938 53.3106 47.1015 240.5217 197.6589 237.8945 237.9306 244.0210 238.7593 239.1420 242.4636 282.1198 238.2433 281.8622 322.4934 282.4961 195.2432 180.2414 201.8646 276.4746 281.0140 282.4250 277.0071 272.8426 291.6964 260.2049 292.5899
26 196.3019 195.9975 145.5510 215.1005 165.8186 235.5630 211.1421 121.3823 194.7054 175.6410 170.0942 90.7919 111.0586 161.9812 197.0274 113.9980 65.1553 131.1802 117.9539 93.9661 165.4800 167.5422 185.5450 49.4651 34.8238 55.1813 0.0000 73.2157 57.2176 35.7083 39.1686 17.8683 266.4209 227.5301 265.8787 263.7029 269.3060 265.3060 264.6174 267.9144 293.4493 246.2785 286.5298 322.0680 292.9604 237.9285 226.1968 238.1325 273.6932 281.9867 307.4492 295.9503 300.7956 323.0589 294.0864 323.7173
27 169.0771 168.8273 131.6239 178.5049 139.8012 203.9320 173.3909 105.5923 165.8733 115.9950 110.4187 107.6083 109.4864 89.3948 128.5195 46.1629 58.7500 69.1771 88.5048 96.5407 102.6353 109.3249 126.3020 74.1343 99.7911 21.6488 73.2157 0.0000 61.8157 37.5086 60.3788 67.7209 221.6976 178.1601 218.5941 219.1519 225.3267 219.7896 220.4287 223.7376 267.0307 224.5679 268.8724 310.8983 267.6676 173.6811 158.5978 181.0624 266.0567 269.2604 263.6110 259.7636 253.3993 271.5016 239.6341 272.4373
28 139.1866 138.8841 89.5979 158.0545 108.6448 178.3597 154.2164 64.5509 137.5161 127.4371 122.2143 46.9377 57.4860 132.0603 156.3111 80.4669 9.6225 88.6175 61.4288 41.0515 120.3687 118.8190 136.5946 17.0850 59.7221 61.0339 57.2176 61.8157 0.0000 46.7167 18.0548 67.9895 210.1229 172.7572 210.1186 207.3903 212.8618 209.1663 208.2352 211.5111 236.7717 190.0722 231.3876 268.9244 236.4279 191.0697 183.1896 186.3453 221.3965 228.1128 250.8167 238.7421 244.8335 268.0520 240.3225 268.6225
29 179.6557 179.3708 133.8273 194.5142 149.0709 217.4654 189.9897 107.7209 177.2980 144.8916 139.2723 92.1658 103.8427 126.4647 163.0358 79.6659 49.9860 98.9451 97.8398 87.7143 133.4158 137.2483 155.0522 50.7494 64.2501 21.2938 35.7083 37.5086 46.7167 0.0000 34.8068 32.6735 242.7269 201.5006 241.0506 240.0656 245.9625 241.2533 241.1473 244.4733 278.2917 232.8904 275.4422 314.3469 278.3250 205.7520 192.6399 208.9200 267.3018 273.2148 284.4013 276.3013 276.1215 296.6352 266.2739 297.4191
30 157.1736 156.8702 107.0216 176.0704 126.6623 196.3966 172.1949 82.3757 155.5436 142.1386 136.7646 58.0617 73.6556 140.0079 168.3990 88.7835 26.4616 100.7549 79.2181 56.6971 133.8485 133.6741 151.6194 15.9438 45.7322 53.3106 39.1686 60.3788 18.0548 34.8068 0.0000 50.6940 227.9050 189.9963 227.7205 225.1767 230.6926 226.8956 226.0448 229.3282 254.5723 207.6705 248.5776 285.3749 254.1690 205.5127 196.2341 202.5359 237.4906 244.8126 268.7126 256.7969 262.5121 285.4198 257.2577 286.0198
31 206.6062 206.3091 157.5560 223.6256 175.9522 245.3328 219.3692 132.4606 204.6707 177.4969 171.8821 106.1562 124.2869 157.0339 195.2783 111.9360 74.5187 131.6184 126.2306 107.2624 166.0880 169.7847 187.6325 63.6568 52.1806 47.1015 17.8683 67.7209 67.9895 32.6735 50.6940 0.0000 273.3640 232.9855 272.1436 270.6752 276.4551 272.0374 271.6875 275.0057 304.6090 258.0565 299.2396 335.9540 304.3331 238.4066 225.0317 241.3214 287.9115 295.4777 314.8122 305.0917 307.1927 328.3484 298.3810 329.0918
32 84.8838 85.1738 136.5248 55.9223 108.2872 54.3211 57.9183 151.4912 83.2192 113.3145 117.8486 199.5062 170.5969 177.0172 135.1318 180.5151 201.4774 155.3611 148.7025 184.0605 129.4313 116.7946 104.5324 222.8281 266.1323 240.5217 266.4209 221.6976 210.1229 242.7269 227.9050 273.3640 0.0000 45.4148 11.0400 2.7465 4.5307 3.6633 2.7115 2.9012 83.2723 85.1366 111.9537 156.4354 87.1516 99.0719 121.8874 63.4012 142.2358 127.7345 41.9185 49.7996 35.3964 63.0103 51.4288 62.9820
33 71.3741 71.5500 111.5867 43.3756 82.9318 63.7394 40.3021 120.0561 67.4577 67.9002 72.4571 169.6420 141.2258 132.1619 92.6861 135.8117 163.6159 110.6840 112.0308 152.2181 84.0190 71.5425 59.2315 186.8940 230.9213 197.6589 227.5301 178.1601 172.7572 201.5006 189.9963 232.9855 45.4148 0.0000 40.5713 43.2432 49.6349 42.8288 44.8620 47.9294 117.3397 100.3761 138.6724 185.7803 120.2974 66.6389 85.2121 32.1441 160.8249 150.6886 86.5112 92.1117 75.2398 95.5293 68.3268 96.2020
34 90.0666 90.3404 139.9390 60.0656 111.2716 62.7818 61.0662 153.2578 87.8816 107.7544 112.5558 201.9587 173.0673 170.0944 126.9323 176.3717 201.2589 151.2508 148.7546 185.8664 123.7735 111.9168 98.5282 223.3894 267.0330 237.8945 265.8787 218.5941 210.1186 241.0506 227.7205 272.1436 11.0400 40.5713 0.0000 11.5703 14.9725 7.5399 13.0725 13.6938 94.2467 95.1214 122.9497 167.4709 98.1546 89.0364 112.2854 53.9875 152.8571 138.6021 46.3180 59.7601 35.0709 59.2306 42.4705 59.5032
35 82.3177 82.6062 133.8357 53.2463 105.5730 52.3196 55.1945 148.7484 80.6022 111.1301 115.6161 196.7810 167.8707 175.0670 133.5265 178.0921 198.7511 152.9408 145.9717 181.3193 127.2532 114.4978 102.4352 220.0847 263.3860 237.9306 263.7029 219.1519 207.3903 240.0656 225.1767 270.6752 2.7465 43.2432 11.5703 0.0000 6.3935 4.1843 1.8617 4.6969 83.4343 83.7551 111.5301 156.3392 87.2319 98.2093 120.7938 62.3089 141.2915 127.0620 44.4946 50.9766 38.1267 65.5882 53.0972 65.5850
36 85.8190 86.1153 138.0923 57.5053 110.0852 53.6221 59.8890 153.6720 84.3992 117.5235 122.0078 201.3832 172.4927 181.4054 139.6439 184.4076 204.2906 159.2593 151.4745 186.1927 133.6465 120.8781 108.8187 225.3721 268.5394 244.0210 269.3060 225.3267 212.8618 245.9625 230.6926 276.4551 4.5307 49.6349 14.9725 6.3935 0.0000 8.0572 4.9065 1.7151 79.3213 83.1040 108.5504 152.6770 83.2669 103.5092 126.3863 67.9055 139.4668 124.6148 38.4550 45.3062 33.7703 62.3550 53.3503 62.2005
37 85.6373 85.9217 136.6846 56.2202 108.2723 56.3653 57.8618 151.0924 83.7754 110.6736 115.2816 199.3610 170.4468 174.0541 131.8592 178.2949 200.4495 153.1405 147.7379 183.6902 126.7748 114.3387 101.7696 222.0581 265.4831 238.7593 265.3060 219.7896 209.1663 241.2533 226.8956 272.0374 3.6633 42.8288 7.5399 4.1843 8.0572 0.0000 5.5411 6.5253 86.9060 87.9388 115.4143 160.0153 90.7705 95.4572 118.3390 59.8648 145.4036 131.0727 43.9080 53.3604 35.8018 62.4325 48.9592 62.5065
38 82.3300 82.6214 134.1426 53.5250 105.9770 51.6120 55.6556 149.3327 80.7208 112.7248 117.1814 197.2323 168.3281 176.7697 135.3311 179.5065 199.6307 154.3591 146.8300 181.8841 128.8502 116.0200 104.0776 220.8395 264.0791 239.1420 264.6174 220.4287 208.2352 241.1473 226.0448 271.6875 2.7115 44.8620 13.0725 1.8617 4.9065 5.5411 0.0000 3.3273 81.6522 82.5794 109.9075 154.6203 85.4671 100.0678 122.6545 64.1702 139.8819 125.5326 43.3057 49.1249 37.6895 65.5760 54.0647 65.5226
39 85.0323 85.3265 137.1024 56.4898 109.0167 53.4126 58.7514 152.4871 83.5287 115.8210 120.3120 200.2971 171.3990 179.6904 137.9518 182.7595 202.9181 157.6097 150.1116 185.0249 131.9434 119.1937 107.1081 224.0795 267.2892 242.4636 267.9144 223.7376 211.5111 244.4733 229.3282 275.0057 2.9012 47.9294 13.6938 4.6969 1.7151 6.5253 3.3273 0.0000 80.5533 83.4439 109.5061 153.8113 84.4634 101.9679 124.7876 66.3005 140.1327 125.4383 39.9794 46.8994 34.7073 62.9811 52.9938 62.8713
40 98.7167 98.9942 148.1423 91.6820 129.2233 64.0078 97.4171 172.2226 101.4277 178.1426 181.1585 209.8674 183.8913 244.5205 209.5150 233.8765 230.1707 210.1598 180.8546 200.5891 193.4582 178.3859 171.8970 244.7787 283.1880 282.1198 293.4493 267.0307 236.7717 278.2917 254.5723 304.6090 83.2723 117.3397 94.2467 83.4343 79.3213 86.9060 81.6522 80.5533 0.0000 48.4855 35.0780 73.8241 4.6019 180.4440 201.6496 143.9955 73.2874 54.1244 76.9573 41.2127 92.7458 119.0674 127.5515 117.8596
41 55.9812 56.1989 100.7276 61.6352 84.8522 36.6545 67.1211 125.6691 59.8424 148.5507 150.3929 161.5383 136.0046 213.5201 185.4991 195.3497 183.9494 173.1604 136.6909 152.8605 162.3689 146.7712 144.4856 197.2731 234.9828 238.2433 246.2785 224.5679 190.0722 232.8904 207.6705 258.0565 85.1366 100.3761 95.1214 83.7551 83.1040 87.9388 82.5794 83.4439 48.4855 0.0000 45.1415 91.1575 47.2059 167.0116 184.3666 131.7967 60.4655 51.7828 101.2615 69.7115 110.3090 140.1005 136.4335 139.3934
42 101.0065 101.2138 141.8647 104.4995 129.0986 76.9968 110.2248 167.7324 104.9600 192.4044 194.5568 198.8313 175.4828 257.9423 227.7852 240.4613 225.9112 218.2915 180.5865 192.5683 206.6603 191.1160 187.6731 237.1254 272.3698 281.8622 286.5298 268.8724 231.3876 275.4422 248.5776 299.2396 111.9537 138.6724 122.9497 111.5301 108.5504 115.4143 109.9075 109.5061 35.0780 45.1415 0.0000 47.3702 30.5304 204.4999 223.8646 168.2334 38.8444 19.1562 111.5424 75.6172 126.3973 153.6089 159.5994 152.4593
43 145.8584 146.0338 180.7883 151.7053 172.1072 124.3501 157.3964 207.1586 150.1379 239.4391 241.4412 232.0936 211.7228 304.6634 275.1462 285.0598 264.3883 263.6327 222.4135 228.7000 253.4696 237.8848 234.9076 272.7014 304.4378 322.4934 322.0680 310.8983 268.9244 314.3469 285.3749 335.9540 156.4354 185.7803 167.4709 156.3392 152.6770 160.0153 154.6203 153.8113 73.8241 91.1575 47.3702 0.0000 69.6063 251.2236 270.9920 214.8312 49.0770 41.6575 148.6117 114.0363 165.6926 190.2187 201.2589 188.8497
44 98.9683 99.2384 147.5036 93.3359 129.3217 65.4186 99.1062 171.8844 101.8658 180.2883 183.1957 208.7441 183.0663 246.6409 212.2261 235.0969 229.9660 211.5513 181.0902 199.8462 195.4894 180.3302 174.2315 244.1463 282.1757 282.4961 292.9604 267.6676 236.4279 278.3250 254.1690 304.3331 87.1516 120.2974 98.1546 87.2319 83.2669 90.7705 85.4671 84.4634 4.6019 47.2059 30.5304 69.6063 0.0000 183.8674 204.8587 147.3980 68.8783 49.6132 81.5516 45.7831 97.2670 123.6624 131.9161 122.4571
45 132.1286 132.2235 157.9585 108.2199 132.9550 130.3782 103.9668 156.3137 127.4987 63.6605 68.8591 203.5141 178.3599 98.7882 49.9496 127.5393 181.4578 106.9053 139.3493 184.1767 72.4712 72.3487 55.0228 207.5901 250.6107 195.2432 237.9285 173.6811 191.0697 205.7520 205.5127 238.4066 99.0719 66.6389 89.0364 98.2093 103.5092 95.4572 100.0678 101.9679 180.4440 167.0116 204.4999 251.2236 183.8674 0.0000 24.7465 36.4773 227.4501 217.1537 130.0385 148.7504 112.2345 115.9647 81.5667 117.4513
46 144.2073 144.2537 162.2546 123.6719 139.9436 148.1011 118.8023 156.5394 139.3597 59.5763 63.5929 201.1569 178.0673 77.7231 30.2841 113.1092 173.7156 95.5988 137.0318 181.6350 62.8943 68.0834 54.0525 200.1139 241.8755 180.2414 226.1968 158.5978 183.1896 192.6399 196.2341 225.0317 121.8874 85.2121 112.2854 120.7938 126.3863 118.3390 122.6545 124.7876 201.6496 184.3666 223.8646 270.9920 204.8587 24.7465 0.0000 58.4917 244.4148 235.4359 154.3946 171.6869 136.8081 140.5373 106.2162 142.0447
47 102.3190 102.4670 137.0285 75.4014 109.4796 95.1717 71.9692 141.0263 98.0933 65.0898 70.6474 190.3153 162.9821 119.9846 74.1556 135.8512 176.8311 111.8862 128.5399 171.7885 79.4797 71.9435 54.7936 201.7903 245.8287 201.8646 238.1325 181.0624 186.3453 208.9200 202.5359 241.3214 63.4012 32.1441 53.9875 62.3089 67.9055 59.8648 64.1702 66.3005 143.9955 131.7967 168.2334 214.8312 147.3980 36.4773 58.4917 0.0000 192.2444 181.2764 97.8181 113.1991 81.6538 92.4270 58.9985 93.6078
48 107.4112 107.5175 134.7095 120.9201 129.9049 97.1197 126.0811 161.0711 112.1603 205.1737 206.3330 183.4029 163.9669 268.1416 243.9295 243.5159 217.3256 223.6336 178.0568 180.8034 217.8475 202.2944 202.2086 224.4508 255.4662 276.4746 273.6932 266.0567 221.3965 267.3018 237.4906 287.9115 142.2358 160.8249 152.8571 141.2915 139.4668 145.4036 139.8819 140.1327 73.2874 60.4655 38.8444 49.0770 68.8783 227.4501 244.4148 192.2444 0.0000 20.0021 148.0745 112.3471 161.4661 189.7825 192.2735 188.7475
49 104.8035 104.9636 139.4730 113.3894 130.5028 87.3506 118.9004 165.7946 109.2221 200.1390 201.8184 192.7235 171.1968 264.6499 237.2700 243.6459 223.3142 222.5160 180.7677 188.2524 213.6852 198.0718 196.2437 232.5341 265.7510 281.0140 281.9867 269.2604 228.1128 273.2148 244.8126 295.4777 127.7345 150.6886 138.6021 127.0620 124.6148 131.0727 125.5326 125.4383 54.1244 51.7828 19.1562 41.6575 49.6132 217.1537 235.4359 181.2764 20.0021 0.0000 130.0949 94.1874 144.3797 172.0664 176.6105 170.9593
50 119.5577 119.8699 173.3334 93.7500 146.2053 82.2514 96.9244 190.5796 118.9857 154.0490 158.8051 237.3307 208.5807 216.1022 171.8637 222.1832 242.3603 197.0307 189.5235 222.8973 170.0834 158.0427 144.8456 262.9718 305.8111 282.4250 307.4492 263.6110 250.8167 284.4013 268.7126 314.8122 41.9185 86.5112 46.3180 44.4946 38.4550 43.9080 43.3057 39.9794 76.9573 101.2615 111.5424 148.6117 81.5516 130.0385 154.3946 97.8181 148.0745 130.0949 0.0000 35.9282 19.3770 42.1113 57.1527 40.9245
51 100.9342 101.2506 154.9993 81.8317 130.5651 61.1210 86.5956 175.6119 101.7623 158.6709 162.6338 219.2011 191.2082 224.0717 184.0966 221.8166 231.0164 196.9721 178.8921 206.7861 174.6994 160.8080 150.7966 249.1839 290.4630 277.0071 295.9503 259.7636 238.7421 276.3013 256.7969 305.0917 49.7996 92.1117 59.7601 50.9766 45.3062 53.3604 49.1249 46.8994 41.2127 69.7115 75.6172 114.0363 45.7831 148.7504 171.6869 113.1991 112.3471 94.1874 35.9282 0.0000 51.7074 77.9988 87.6005 76.8422
52 119.5276 119.8262 171.8079 91.1915 143.6637 85.5858 93.3130 186.8333 118.1665 141.1569 146.1829 234.9009 205.9924 201.2169 155.7657 210.6857 236.0549 185.6360 183.4161 219.4174 156.9635 145.9011 131.5358 257.8330 301.2835 272.8426 300.7956 253.3993 244.8335 276.1215 262.5121 307.1927 35.3964 75.2398 35.0709 38.1267 33.7703 35.8018 37.6895 34.7073 92.7458 110.3090 126.3973 165.6926 97.2670 112.2345 136.8081 81.6538 161.4661 144.3797 19.3770 51.7074 0.0000 29.9604 37.8164 29.4471
53 147.8941 148.1840 199.0047 118.6491 170.4356 115.2636 120.1017 212.3932 146.1724 156.4717 161.8532 261.1858 232.2971 211.4556 163.7649 227.2264 258.9998 202.6352 206.9496 244.9887 171.5299 162.3816 146.3427 281.7977 325.6375 291.6964 323.0589 271.5016 268.0520 296.6352 285.4198 328.3484 63.0103 95.5293 59.2306 65.5882 62.3550 62.4325 65.5760 62.9811 119.0674 140.1005 153.6089 190.2187 123.6624 115.9647 140.5373 92.4270 189.7825 172.0664 42.1113 77.9988 29.9604 0.0000 34.5178 1.7692
54 130.9647 131.2200 178.0164 100.5262 149.1004 105.2104 100.4582 188.2326 128.2880 123.8747 129.3720 237.7351 209.1485 177.1119 129.2745 194.7212 231.0338 170.5004 180.1016 220.5010 138.4737 130.3114 113.6219 254.8422 298.9374 260.2049 294.0864 239.6341 240.3225 266.2739 257.2577 298.3810 51.4288 68.3268 42.4705 53.0972 53.3503 48.9592 54.0647 52.9938 127.5515 136.4335 159.5994 201.2589 131.9161 81.5667 106.2162 58.9985 192.2735 176.6105 57.1527 87.6005 37.8164 34.5178 0.0000 35.9452
55 147.8526 148.1440 199.1493 118.7242 170.6242 114.9175 120.2598 212.7312 146.1868 157.5162 162.8827 261.4552 232.5586 212.7666 165.1417 228.2404 259.5912 203.6138 207.4766 245.3335 172.6233 163.3673 147.4056 282.3059 326.1167 292.5899 323.7173 272.4373 268.6225 297.4191 286.0198 329.0918 62.9820 96.2020 59.5032 65.5850 62.2005 62.5065 65.5226 62.8713 117.8596 139.3934 152.4593 188.8497 122.4571 117.4513 142.0447 93.6078 188.7475 170.9593 40.9245 76.8422 29.4471 1.7692 35.9452 0.0000
;

end;