# Archivo de datos para el modelo de Enrutamiento de Vehículos (N=29 Clientes)

param N := 29;
param K := 9;
param T := 5;

param Q :=
1 5000
2 5000
3 5000
4 10000
5 10000
6 10000
7 15000
8 15000
9 15000
;

# Demands
# Note i = 0 is the depot
param w :=
0 0
1 1916
2 3154
3 3154
4 3154
5 3154
6 3154
7 3154
8 3154
9 3154
10 3154
11 3154
12 3154
13 3154
14 3154
15 3154
16 3154
17 3154
18 3154
19 3154
20 3154
21 3154
22 3154
23 3154
24 3154
25 3154
26 3154
27 3154
28 3154
29 3154
;

param W :=
0 0
1 6385
2 10513
3 10513
4 10513
5 10513
6 10513
7 10513
8 10513
9 10513
10 10513
11 10513
12 10513
13 10513
14 10513
15 10513
16 10513
17 10513
18 10513
19 10513
20 10513
21 10513
22 10513
23 10513
24 10513
25 10513
26 10513
27 10513
28 10513
29 10513
;

param serv :=
0 0
1 43
2 52
3 52
4 52
5 52
6 52
7 52
8 52
9 52
10 52
11 52
12 52
13 52
14 52
15 52
16 52
17 52
18 52
19 52
20 52
21 52
22 52
23 52
24 52
25 52
26 52
27 52
28 52
29 52
;

param early :=
0 0
1 450
2 480
3 0
4 480
5 420
6 480
7 480
8 480
9 450
10 450
11 420
12 480
13 420
14 480
15 480
16 420
17 420
18 420
19 480
20 480
21 480
22 480
23 480
24 480
25 480
26 480
27 480
28 420
29 0
;

param late :=
0 1440
1 960
2 1140
3 1439
4 930
5 900
6 930
7 930
8 1200
9 930
10 1170
11 1200
12 1170
13 900
14 930
15 1140
16 1200
17 1140
18 1140
19 1200
20 1200
21 960
22 1200
23 1200
24 1200
25 1170
26 960
27 1140
28 1140
29 1439
;

param duedate :=
0 5
1 5
2 5
3 5
4 5
5 5
6 5
7 5
8 5
9 5
10 5
11 5
12 5
13 5
14 5
15 5
16 5
17 5
18 5
19 5
20 5
21 5
22 5
23 5
24 5
25 5
26 5
27 5
28 5
29 5
;

# Matriz de Tiempo / Distancias (c[i,j])
# La matriz es de 30x30 (nodos 0 a 29)
param c :
0 1 2 3 4 5 6 7 8 9 10 11 12 13 14 15 16 17 18 19 20 21 22 23 24 25 26 27 28 29 :=
0 0.0000 101.5449 10.4140 14.1654 9.9777 16.4958 15.3415 22.2924 15.3982 10.9373 14.4960 17.0140 20.4332 17.9692 15.9430 18.0424 15.3265 11.6046 9.0434 2.7346 11.7565 14.5640 13.9218 14.0121 4.9402 17.9276 10.1484 18.4913 10.9786 5.8272
1 101.5449 0.0000 104.6174 105.6377 92.5527 115.9748 116.8787 79.2896 116.4954 110.9623 112.8111 118.3418 81.1258 115.4984 117.4762 83.5931 113.2935 111.1380 109.2711 102.8302 109.4080 87.0917 114.7914 105.6890 106.1424 83.6632 111.3400 118.5817 109.3122 96.9848
2 10.4140 104.6174 0.0000 3.7626 18.3912 21.9047 16.5851 26.4115 18.6616 17.2466 21.3603 15.8829 24.8562 10.9166 16.3400 23.6629 8.6917 18.2309 15.7858 7.7736 19.7697 20.7089 11.9327 3.6032 12.1020 22.3350 14.7328 22.8094 18.7793 9.7363
3 14.1654 105.6377 3.7626 0.0000 21.7266 24.8682 18.7796 28.4280 21.2569 20.5345 24.6321 17.3942 27.0109 10.2838 18.3064 26.1908 8.7767 21.5404 19.1945 11.5361 23.2671 23.4697 13.5988 0.1902 15.7123 24.5756 17.8368 25.4938 22.2626 12.8935
4 9.9777 92.5527 18.3912 21.7266 0.0000 23.6149 24.6816 14.1915 23.9685 18.4265 20.6797 26.7897 12.3146 27.6410 25.4672 9.2255 24.9993 18.6639 16.7184 12.2438 17.2911 5.9230 23.8742 21.6249 13.8544 10.2730 18.8928 26.1210 17.0123 8.8737
5 16.4958 115.9748 21.9047 24.8682 23.6149 0.0000 8.1068 37.6428 4.6526 5.5628 3.4298 11.7623 35.7458 20.6102 9.3717 32.8163 19.1341 5.0311 7.4588 16.8991 6.6493 29.3998 13.1243 24.6782 11.6459 33.4429 7.2186 2.7765 6.6626 22.2970
6 15.3415 116.8787 16.5851 18.7796 24.6816 8.1068 0.0000 37.6326 3.4554 8.0504 10.1271 3.7303 35.7747 12.7397 1.3220 33.3192 11.6382 8.6700 8.8583 14.3819 11.5989 29.8234 5.5214 18.5980 10.8327 33.2652 6.0123 7.3864 10.8813 20.3676
7 22.2924 79.2896 26.4115 28.4280 14.1915 37.6428 37.6326 0.0000 37.4934 32.2853 34.8186 39.0651 1.8973 37.2240 38.1959 5.1142 34.7870 32.6335 30.4795 23.5555 31.4507 8.2810 35.5840 28.4175 27.0103 4.3737 32.2624 40.0474 31.1196 17.8021
8 15.3982 116.4954 18.6616 21.2569 23.9685 4.6526 3.4554 37.4934 0.0000 5.9198 6.9448 7.1240 35.6075 16.0822 4.7230 32.9324 14.7810 6.2089 7.3249 15.0450 8.9939 29.4416 8.6742 21.0698 10.5139 33.1696 5.2547 4.2628 8.4695 20.8979
9 10.9373 110.9623 17.2466 20.5345 18.4265 5.5628 8.0504 32.2853 5.9198 0.0000 4.1137 11.5117 30.3886 18.3257 9.2887 27.5509 16.3214 1.0225 1.8960 11.4914 3.7063 24.0946 11.0715 20.3453 6.1360 28.0368 3.0732 7.7665 2.8639 16.7479
10 14.4960 112.8111 21.3603 24.6321 20.6797 3.4298 10.1271 34.8186 6.9448 4.1137 0.0000 13.8517 32.9262 21.8041 11.4490 29.9051 19.9952 3.1442 5.7340 15.3944 3.4128 26.5427 14.3441 24.4426 9.9777 30.6976 6.9138 6.2053 3.7282 20.3129
11 17.0140 118.3418 15.8829 17.3942 26.7897 11.7623 3.7303 39.0651 7.1240 11.5117 13.8517 0.0000 37.2504 9.7598 2.4141 35.0271 9.2624 12.2288 12.0175 15.5121 15.1570 31.5646 3.9552 17.2268 13.0811 34.6953 9.0299 10.6889 14.3744 21.3947
12 20.4332 81.1258 24.8562 27.0109 12.3146 35.7458 35.7747 1.8973 35.6075 30.3886 32.9262 37.2504 0.0000 35.6110 36.3513 3.3762 33.1462 30.7362 28.5842 21.7489 29.5610 6.3963 33.8008 26.9917 25.1308 2.5780 30.3799 38.1505 29.2254 16.0547
13 17.9692 115.4984 10.9166 10.2838 27.6410 20.6102 12.7397 37.2240 16.0822 18.3257 21.8041 9.7598 35.6110 0.0000 11.6948 34.1568 2.6468 19.2930 17.8679 15.4374 21.9140 30.9929 7.5076 10.1819 16.4256 33.0587 15.2594 20.1226 20.9374 19.8642
14 15.9430 117.4762 16.3400 18.3064 25.4672 9.3717 1.3220 38.1959 4.7230 9.2887 11.4490 2.4141 36.3513 11.6948 0.0000 33.9750 10.7848 9.9446 9.9847 14.7793 12.8763 30.4867 4.7812 18.1290 11.6215 33.8230 7.0620 8.4655 12.1360 20.7561
15 18.0424 83.5931 23.6629 26.1908 9.2255 32.8163 33.3192 5.1142 32.9324 27.5509 29.9051 35.0271 3.3762 34.1568 33.9750 0.0000 31.6152 27.8389 25.7891 19.6500 26.5158 3.4988 31.7339 26.1485 22.5502 2.8040 27.7517 35.2859 26.2329 14.3144
16 15.3265 113.2935 8.6917 8.7767 24.9993 19.1341 11.6382 34.7870 14.7810 16.3214 19.9952 9.2624 33.1462 2.6468 10.7848 31.6152 0.0000 17.3165 15.6908 12.7908 19.8143 28.4195 6.1293 8.6409 13.9433 30.5845 13.2510 18.9676 18.8176 17.3058
17 11.6046 111.1380 18.2309 21.5404 18.6639 5.0311 8.6700 32.6335 6.2089 1.0225 3.1442 12.2288 30.7362 19.2930 9.9446 27.8389 17.3165 0.0000 2.6335 12.3178 2.9320 24.4056 11.9900 21.3514 6.9177 28.4199 4.0662 7.4581 2.2664 17.4306
18 9.0434 109.2711 15.7858 19.1945 16.7184 7.4588 8.8583 30.4795 7.3249 1.8960 5.7340 12.0175 28.5842 17.8679 9.9847 25.7891 15.6908 2.6335 0.0000 9.6847 4.1921 22.3192 10.9337 19.0070 4.2865 26.2123 2.9968 9.6097 3.1738 14.8579
19 2.7346 102.8302 7.7736 11.5361 12.2438 16.8991 14.3819 23.5555 15.0450 11.4914 15.3944 15.5121 21.7489 15.4374 14.7793 19.6500 12.7908 12.3178 9.6847 0.0000 13.0732 16.2485 12.0877 11.3765 5.4173 19.1881 9.9719 18.5727 12.1782 5.9865
20 11.7565 109.4080 19.7697 23.2671 17.2911 6.6493 11.5989 31.4507 8.9939 3.7063 3.4128 15.1570 29.5610 21.9140 12.8763 26.5158 19.8143 2.9320 4.1921 13.0732 0.0000 23.1708 14.7501 23.0814 7.7791 27.3606 6.6835 9.3858 1.0198 17.4840
21 14.5640 87.0917 20.7089 23.4697 5.9230 29.3998 29.8234 8.2810 29.4416 24.0946 26.5427 31.5646 6.3963 30.9929 30.4867 3.4988 28.4195 24.4056 22.3192 16.2485 23.1708 0.0000 28.3153 23.4112 19.0514 4.4360 24.2553 31.8419 22.8500 11.1355
22 13.9218 114.7914 11.9327 13.5988 23.8742 13.1243 5.5214 35.5840 8.6742 11.0715 14.3441 3.9552 33.8008 7.5076 4.7812 31.7339 6.1293 11.9900 10.9337 12.0877 14.7501 28.3153 0.0000 13.4254 10.7005 31.2304 8.0804 12.8398 13.8209 17.8097
23 14.0121 105.6890 3.6032 0.1902 21.6249 24.6782 18.5980 28.4175 21.0698 20.3453 24.4426 17.2268 26.9917 10.1819 18.1290 26.1485 8.6409 21.3514 19.0070 11.3765 23.0814 23.4112 13.4254 0.0000 15.5314 24.5503 17.6466 25.3060 22.0766 12.8005
24 4.9402 106.1424 12.1020 15.7123 13.8544 11.6459 10.8327 27.0103 10.5139 6.1360 9.9777 13.0811 25.1308 16.4256 11.6215 22.5502 13.9433 6.9177 4.2865 5.4173 7.7791 19.0514 10.7005 15.5314 0.0000 22.6723 5.2620 13.5595 6.8369 10.6697
25 17.9276 83.6632 22.3350 24.5756 10.2730 33.4429 33.2652 4.3737 33.1696 28.0368 30.6976 34.6953 2.5780 33.0587 33.8230 2.8040 30.5845 28.4199 26.2123 19.1881 27.3606 4.4360 31.2304 24.5503 22.6723 0.0000 27.9300 35.8032 26.9809 13.4768
26 10.1484 111.3400 14.7328 17.8368 18.8928 7.2186 6.0123 32.2624 5.2547 3.0732 6.9138 9.0299 30.3799 15.2594 7.0620 27.7517 13.2510 4.0662 2.9968 9.9719 6.6835 24.2553 8.0804 17.6466 5.2620 27.9300 0.0000 8.6114 5.7415 15.7142
27 18.4913 118.5817 22.8094 25.4938 26.1210 2.7765 7.3864 40.0474 4.2628 7.7665 6.2053 10.6889 38.1505 20.1226 8.4655 35.2859 18.9676 7.4581 9.6097 18.5727 9.3858 31.8419 12.8398 25.3060 13.5595 35.8032 8.6114 0.0000 9.3156 24.2109
28 10.9786 109.3122 18.7793 22.2626 17.0123 6.6626 10.8813 31.1196 8.4695 2.8639 3.7282 14.3744 29.2254 20.9374 12.1360 26.2329 18.8176 2.2664 3.1738 12.1782 1.0198 22.8500 13.8209 22.0766 6.8369 26.9809 5.7415 9.3156 0.0000 16.7519
29 5.8272 96.9848 9.7363 12.8935 8.8737 22.2970 20.3676 17.8021 20.8979 16.7479 20.3129 21.3947 16.0547 19.8642 20.7561 14.3144 17.3058 17.4306 14.8579 5.9865 17.4840 11.1355 17.8097 12.8005 10.6697 13.4768 15.7142 24.2109 16.7519 0.0000
;

end;