# Archivo de datos para el modelo de Enrutamiento de Vehículos (N=62 Clientes)

param N := 62;
param K := 6;
param T := 5;

param Q :=
1 5000
2 5000
3 10000
4 10000
5 15000
6 15000
;

# Demands
# Note i = 0 is the depot
param w :=
0 0
1 347
2 653
3 1106
4 1106
5 1106
6 1106
7 1106
8 1106
9 255
10 255
11 255
12 255
13 255
14 255
15 1280
16 646
17 646
18 646
19 646
20 646
21 646
22 646
23 646
24 606
25 606
26 606
27 606
28 606
29 606
30 568
31 568
32 568
33 519
34 519
35 519
36 519
37 347
38 347
39 347
40 347
41 347
42 347
43 347
44 347
45 347
46 347
47 347
48 347
49 347
50 347
51 347
52 2112
53 2112
54 2112
55 2112
56 622
57 622
58 983
59 983
60 400
61 400
62 400
;

param W :=
0 0
1 1156
2 2177
3 3688
4 3688
5 3688
6 3688
7 3688
8 3688
9 851
10 851
11 851
12 851
13 851
14 851
15 4266
16 2154
17 2154
18 2154
19 2154
20 2154
21 2154
22 2154
23 2154
24 2020
25 2020
26 2020
27 2020
28 2020
29 2020
30 1893
31 1893
32 1893
33 1730
34 1730
35 1730
36 1730
37 1156
38 1156
39 1156
40 1156
41 1156
42 1156
43 1156
44 1156
45 1156
46 1156
47 1156
48 1156
49 1156
50 1156
51 1156
52 7040
53 7040
54 7040
55 7040
56 2074
57 2074
58 3278
59 3278
60 1335
61 1335
62 1335
;

param serv :=
0 0
1 32
2 34
3 37
4 37
5 37
6 37
7 37
8 37
9 31
10 31
11 31
12 31
13 31
14 31
15 38
16 34
17 34
18 34
19 34
20 34
21 34
22 34
23 34
24 34
25 34
26 34
27 34
28 34
29 34
30 33
31 33
32 33
33 33
34 33
35 33
36 33
37 32
38 32
39 32
40 32
41 32
42 32
43 32
44 32
45 32
46 32
47 32
48 32
49 32
50 32
51 32
52 44
53 44
54 44
55 44
56 34
57 34
58 36
59 36
60 32
61 32
62 32
;

param early :=
0 0
1 420
2 480
3 480
4 480
5 480
6 480
7 480
8 480
9 480
10 480
11 480
12 480
13 480
14 480
15 480
16 480
17 480
18 480
19 480
20 480
21 480
22 480
23 0
24 480
25 480
26 480
27 480
28 480
29 480
30 480
31 480
32 480
33 480
34 480
35 480
36 480
37 480
38 480
39 480
40 480
41 480
42 480
43 480
44 480
45 480
46 480
47 480
48 480
49 480
50 480
51 0
52 480
53 480
54 480
55 0
56 480
57 480
58 480
59 0
60 480
61 480
62 480
;

param late :=
0 1440
1 960
2 960
3 960
4 960
5 960
6 960
7 960
8 960
9 960
10 960
11 960
12 960
13 960
14 1200
15 1200
16 1200
17 930
18 930
19 930
20 930
21 930
22 930
23 1439
24 1200
25 930
26 930
27 930
28 930
29 930
30 930
31 930
32 930
33 1200
34 930
35 930
36 900
37 930
38 930
39 930
40 930
41 930
42 930
43 930
44 930
45 930
46 930
47 930
48 930
49 930
50 930
51 1439
52 1230
53 930
54 930
55 1439
56 930
57 930
58 930
59 1439
60 930
61 1170
62 1200
;

param duedate :=
0 5
1 5
2 5
3 5
4 5
5 5
6 5
7 5
8 5
9 5
10 5
11 5
12 5
13 5
14 5
15 5
16 5
17 5
18 5
19 5
20 5
21 5
22 5
23 5
24 5
25 5
26 5
27 5
28 5
29 5
30 5
31 5
32 5
33 5
34 5
35 5
36 5
37 5
38 5
39 5
40 5
41 5
42 5
43 5
44 5
45 5
46 5
47 5
48 5
49 5
50 5
51 5
52 5
53 5
54 5
55 5
56 5
57 5
58 5
59 5
60 5
61 5
62 5
;

# Matriz de Tiempo / Distancias (c[i,j])
# La matriz es de 63x63 (nodos 0 a 62)
param c :
0 1 2 3 4 5 6 7 8 9 10 11 12 13 14 15 16 17 18 19 20 21 22 23 24 25 26 27 28 29 30 31 32 33 34 35 36 37 38 39 40 41 42 43 44 45 46 47 48 49 50 51 52 53 54 55 56 57 58 59 60 61 62 :=
0 0.0000 63.9989 195.7270 70.0761 137.3427 112.6011 92.4627 71.8581 65.6214 76.0416 125.6695 109.8049 101.9958 116.1577 139.0853 168.2620 21.4416 41.8948 21.0050 32.8807 20.3228 47.1039 9.4253 24.1072 39.2691 36.0438 54.6143 31.6473 63.7992 23.9474 92.5595 86.6631 60.4700 90.4012 75.5825 66.5117 98.0157 50.1849 26.0380 28.5811 50.6423 45.7069 27.6522 40.9918 52.5780 21.1335 59.5465 38.4876 44.7188 51.7238 18.7082 59.5749 94.2148 57.4067 80.2546 94.0545 101.7442 117.6975 74.8645 97.3071 122.7130 97.7916 130.4001
1 63.9989 0.0000 256.6616 133.8816 198.1423 175.8449 153.8567 135.5346 129.4428 131.0544 181.4224 168.2886 152.8212 158.7589 185.2397 231.9392 77.6216 89.8531 63.0846 94.8164 59.2375 78.9425 54.6085 75.3131 93.7698 98.6579 64.7524 81.0959 77.2090 64.0981 125.5855 109.3376 101.9029 46.6813 24.1998 41.0711 41.8511 40.3727 50.5762 40.5285 55.4171 18.4817 38.1580 39.7316 17.2897 49.6367 17.2130 34.0529 56.2587 14.6864 45.3456 5.4455 63.9269 50.6240 61.9075 63.1878 69.5900 92.4643 94.6600 103.3302 103.8864 85.1200 118.0932
2 195.7270 256.6616 0.0000 128.9935 58.5439 115.7822 103.2825 126.5583 133.2020 127.6502 81.7726 89.3266 114.3653 127.7587 106.8755 51.3226 192.4523 197.2727 207.7515 174.2708 210.1318 217.2866 204.3063 197.8980 163.1764 159.6855 206.7583 176.1786 200.7144 193.0435 160.4401 181.5538 163.2161 285.3919 271.2396 260.2727 293.6666 243.8088 206.5742 216.1973 213.0359 239.6785 223.3011 220.5644 247.9383 207.0261 255.1001 223.8637 208.4371 242.4392 213.7070 253.1728 285.2454 247.7168 268.8557 285.3239 292.5535 302.7945 237.1782 262.6983 302.5690 278.8299 303.2178
3 70.0761 133.8816 128.9935 0.0000 72.4841 50.1333 30.8345 2.8033 4.4589 44.6329 73.5817 53.8003 67.4246 92.7981 103.7384 98.1923 63.5853 69.4256 79.1695 45.2773 81.8190 89.0398 79.3564 68.9339 50.5800 36.0896 101.4223 62.1186 102.2605 75.7655 93.5418 103.6278 69.6187 157.2650 144.9381 131.7945 167.2630 115.4627 87.7970 95.3667 103.6747 115.7353 97.4438 103.8778 122.4496 86.1205 129.1972 104.6173 97.5851 120.8874 88.7706 129.6003 156.2643 118.8013 139.8735 156.3520 163.5619 174.2961 111.5523 137.6471 175.0286 150.7294 177.4131
4 137.3427 198.1423 58.5439 72.4841 0.0000 74.8681 44.9002 69.8618 76.4255 70.3564 33.9636 32.4861 62.7538 83.3204 72.4319 50.7888 135.1313 141.8298 150.0877 117.4175 152.2983 161.5219 145.8360 140.7494 104.8028 101.3316 149.9116 117.8632 144.9307 134.6538 109.8200 129.5134 106.9360 227.2974 212.7808 202.3948 235.1992 185.8910 148.1579 157.7029 155.6749 181.1351 164.8641 162.3813 189.4379 148.5116 196.6217 165.4803 150.8143 183.9574 155.2170 194.6320 227.9720 190.3069 211.8899 228.0068 235.3583 246.7333 183.3444 209.3094 247.4727 223.2135 249.4348
5 112.6011 175.8449 115.7822 50.1333 74.8681 0.0000 60.2734 50.3579 53.4306 89.5966 95.6782 78.0380 104.9672 131.5941 134.1295 70.0571 99.1005 94.6232 114.8808 81.0902 118.3655 114.0687 121.9710 102.7558 100.4480 83.7515 150.9571 111.3345 152.3269 123.4306 140.4477 152.7068 119.3340 190.7032 182.5818 164.9045 204.0616 149.8053 134.2443 140.3395 152.5089 157.3632 137.8302 150.5581 162.0829 131.5218 168.0033 150.0765 146.2686 164.2767 130.7816 171.0190 184.8144 149.8303 167.5647 185.1221 191.4632 196.9785 127.8525 151.8433 194.1729 172.3382 192.2562
6 92.4627 153.8567 103.2825 30.8345 44.9002 60.2734 0.0000 28.0312 33.9202 33.6021 43.0810 23.1531 44.7032 71.3391 76.5533 82.1163 90.8154 99.3673 105.4568 73.7051 107.5566 118.5041 101.0284 96.5604 61.5735 56.4368 109.8867 74.7052 107.0581 91.0837 83.2628 98.8559 69.5962 182.4165 167.9572 157.5935 190.3849 141.0803 104.4205 113.6114 114.5124 136.5797 120.0195 119.2808 144.6763 104.3343 151.8224 121.7900 109.1498 139.8686 110.4398 150.1835 183.4805 145.7777 167.6272 183.4881 190.9070 203.0572 141.9997 168.1157 204.5514 179.9632 207.5986
7 71.8581 135.5346 126.5583 2.8033 69.8618 50.3579 28.0312 0.0000 6.6439 42.8425 70.7975 51.0052 65.0872 90.6279 101.1831 96.4295 65.9333 72.1184 81.4314 47.7415 84.0211 91.6834 81.0868 71.3402 50.9165 37.3559 101.8420 62.7494 102.3290 76.7795 92.2351 102.8278 69.0563 159.4731 146.9170 134.0559 169.2680 117.6922 89.0014 96.7673 104.3367 117.4539 99.3176 105.0035 124.3233 87.4901 131.1205 105.9285 98.2998 122.4192 90.5261 131.3108 158.6872 121.1811 142.3473 158.7665 166.0005 176.8845 114.3129 140.4116 177.6962 153.3635 180.1497
8 65.6214 129.4428 133.2020 4.4589 76.4255 53.4306 33.9202 6.6439 0.0000 44.2404 76.1916 56.5803 68.2004 93.0822 105.1316 102.6499 59.2939 65.7104 74.8172 41.1065 77.4341 85.1780 74.9073 64.6963 47.0301 31.8301 97.7206 58.2693 98.9064 71.6142 92.0786 101.3577 67.0760 152.8852 140.4879 127.4434 162.8172 111.0931 83.5285 91.0058 99.7634 111.2863 92.9850 99.6475 117.9909 81.7743 124.7408 100.2925 93.6352 116.4786 84.3179 125.1520 152.0435 114.5385 135.7108 152.1226 159.3579 170.3081 108.1167 134.2292 171.2202 146.8380 173.8432
9 76.0416 131.0544 127.6502 44.6329 70.3564 89.5966 33.6021 42.8425 44.2404 0.0000 50.5089 38.3362 27.4688 49.5025 66.0120 114.2433 82.1924 96.9273 93.7451 69.7659 94.7322 113.2034 82.8681 88.1687 37.9129 44.5295 79.5565 50.0113 75.0625 66.9766 50.9059 65.3051 37.0319 165.5201 148.3486 142.4281 170.3992 126.2015 80.4782 90.6797 85.4422 115.3311 101.6896 93.4162 124.7727 81.9729 132.1768 97.3876 80.7876 116.4882 91.5548 128.1537 170.2485 133.1693 155.9322 170.0941 177.7785 193.0409 139.8510 165.3770 196.8352 171.7865 202.5252
10 125.6695 181.4224 81.7726 73.5817 33.9636 95.6782 43.0810 70.7975 76.1916 50.5089 0.0000 19.9429 32.6016 49.6323 40.0892 84.7317 128.7888 140.1311 141.9532 113.4151 143.3962 158.3953 132.9795 134.7481 88.3747 91.5718 126.6021 100.4865 119.6242 117.4135 79.0273 99.8754 82.9359 215.7210 198.8364 192.1780 220.9070 175.7991 130.8661 141.1385 133.5891 165.8386 151.9412 143.2501 175.2556 132.4776 182.6525 147.6016 129.5666 166.8099 141.8459 178.6129 219.5259 182.0647 204.5998 219.4238 227.0462 241.1543 183.2534 209.3132 243.8579 218.9494 248.0867
11 109.8049 168.2886 89.3266 53.8003 32.4861 78.0380 23.1531 51.0052 56.5803 38.3362 19.9429 0.0000 32.7039 57.2071 56.0968 80.1581 111.0149 121.2487 124.8387 94.8870 126.5593 139.9115 117.6864 116.9110 74.5189 74.5948 117.7251 87.3127 112.4781 104.2883 78.6796 97.6222 74.5288 200.2023 184.3303 176.0426 206.6239 159.5578 117.8517 127.7633 123.7698 151.8926 136.7845 131.4137 160.7883 118.7650 168.1084 135.0117 119.1144 153.8682 126.8431 165.0904 202.8126 165.1692 187.4548 202.7586 210.3040 223.5629 164.2086 190.3102 225.7283 200.9401 229.4263
12 101.9958 152.8212 114.3653 67.4246 62.7538 104.9672 44.7032 65.0872 68.2004 27.4688 32.6016 32.7039 0.0000 26.6384 38.5548 112.3817 109.4929 124.3808 120.5278 97.2011 121.2813 140.6097 108.0734 115.4515 62.8694 71.9346 95.1274 73.4142 87.4608 89.7436 47.1412 67.4795 51.8748 190.0444 171.7741 167.8101 193.3864 151.8379 102.7679 113.2905 102.6024 138.3601 126.4185 113.7307 148.3677 105.2131 155.7929 118.7712 99.0615 138.1348 116.2627 150.4780 196.0422 159.3876 182.2238 195.8402 203.5604 219.5527 167.3193 192.8242 223.7661 198.7138 229.7829
13 116.1577 158.7589 127.7587 92.7981 83.3204 131.5941 71.3391 90.6279 93.0822 49.5025 49.6323 57.2071 26.6384 0.0000 27.4789 134.0645 127.2764 144.1828 136.2056 117.4953 136.3032 158.7001 120.6244 133.0476 77.4732 91.1696 96.0895 85.0921 85.7693 99.4487 36.7305 58.2796 57.9328 199.6918 179.8137 179.4020 200.3974 164.1987 111.1312 121.6288 104.7889 146.4911 137.5914 119.0311 157.1305 114.7761 164.4333 125.2288 102.7265 144.2913 127.6902 157.2669 208.1802 172.9479 195.7004 207.8729 215.5997 233.3154 186.2199 211.0256 238.8541 213.9493 246.2817
14 139.0853 185.2397 106.8755 103.7384 72.4319 134.1295 76.5533 101.1831 105.1316 66.0120 40.0892 56.0968 38.5548 27.4789 0.0000 122.1098 147.7924 162.9345 158.2777 135.7556 158.7995 179.0179 144.4473 153.7248 99.8289 110.3842 123.2932 109.0582 113.1874 124.4063 64.1330 85.5212 83.5622 225.0746 205.7318 203.9040 226.6752 188.2863 136.6750 147.2424 131.8546 172.2832 162.1544 145.5321 182.7389 139.8992 190.1071 151.4518 129.5128 170.6716 152.0923 183.5118 232.4761 196.4189 219.2657 232.2205 239.9569 256.7739 205.8447 231.2896 261.5003 236.4701 267.9449
15 168.2620 231.9392 51.3226 98.1923 50.7888 70.0571 82.1163 96.4295 102.6499 114.2433 84.7317 80.1581 112.3817 134.0645 122.1098 0.0000 160.1611 160.5394 176.1296 141.3790 179.1028 180.5833 177.5141 164.9185 142.8554 133.4132 191.9924 155.8401 188.9683 171.5175 158.8376 177.4429 151.1544 254.1210 242.9154 228.3539 265.1465 212.3604 184.4073 192.7699 196.4181 213.8834 195.6137 199.9472 220.6134 183.4419 227.2987 201.6266 190.9021 218.6715 186.9463 227.7399 250.8150 214.3050 233.8002 251.0246 257.7984 265.2238 196.9824 221.5051 263.2731 240.7141 262.0230
16 21.4416 77.6216 192.4523 63.5853 135.1313 99.1005 90.8154 65.9333 59.2939 82.1924 128.7888 111.0149 109.4929 127.2764 147.7924 160.1611 0.0000 20.8646 16.0223 18.7841 19.3028 31.4247 28.1320 5.9940 50.4287 37.7456 75.9062 47.5710 84.5604 44.5702 108.1860 105.0949 75.5240 94.0149 83.6688 68.3544 105.5038 52.2103 47.3248 48.2418 72.0802 59.2983 39.5120 61.5127 63.0696 42.0602 68.9030 57.8830 66.1549 67.6238 34.5652 72.5542 92.8611 55.2653 76.8173 92.9136 100.2305 112.5482 59.1088 83.7743 115.1348 90.1772 120.3340
17 41.8948 89.8531 197.2727 69.4256 141.8298 94.6232 99.3673 72.1184 65.7104 96.9273 140.1311 121.2487 124.3808 144.1828 162.9345 160.5394 20.8646 0.0000 27.9410 27.2142 31.7615 20.1214 47.1948 18.0635 69.0825 53.0307 96.5091 67.8381 105.3944 65.3916 127.6313 125.6037 95.0480 96.3820 90.7201 70.7633 111.0477 56.6761 67.2119 66.6052 92.2456 72.5228 53.5426 80.3104 73.5411 61.6199 77.9873 75.7229 86.4824 82.2225 51.5907 84.4807 90.4725 55.3276 73.3359 90.7325 97.3331 105.5649 43.2317 69.2050 105.6469 81.5768 108.2429
18 21.0050 63.0846 207.7515 79.1695 150.0877 114.8808 105.4568 81.4314 74.8172 93.7451 141.9532 124.8387 120.5278 136.2056 158.2777 176.1296 16.0223 27.9410 0.0000 34.7838 3.8909 26.8086 21.8853 12.3394 58.7733 50.3933 72.6080 52.4806 82.9825 44.0919 113.5370 107.4023 81.3265 78.1531 67.7388 52.6264 89.4979 36.3264 42.0443 39.5235 67.0421 45.1776 25.7563 53.3541 47.7357 36.0857 53.2359 48.1869 61.8081 54.4764 24.0639 57.8476 78.0721 40.3712 62.6645 78.0581 85.5324 99.3687 54.1110 76.3105 103.2550 78.2093 110.0761
19 32.8807 94.8164 174.2708 45.2773 117.4175 81.0902 73.7051 47.7415 41.1065 69.7659 113.4151 94.8870 97.2011 117.4953 135.7556 141.3790 18.7841 27.2142 34.7838 0.0000 37.9129 45.0286 41.8402 23.7490 44.7825 26.4970 82.4110 47.0546 88.8118 50.7040 103.3789 104.1165 71.3823 112.7738 102.2347 87.0709 124.1844 70.9848 57.7225 61.4559 80.5621 76.3427 56.7454 73.4839 81.0829 53.5888 87.1998 71.3642 74.2574 83.7214 50.0993 89.9442 110.9998 73.6207 94.6060 111.0961 118.2868 129.4176 70.3771 96.2260 130.9234 106.2665 134.6718
20 20.3228 59.2375 210.1318 81.8190 152.2983 118.3655 107.5566 84.0211 77.4341 94.7322 143.3962 126.5593 121.2813 136.3032 158.7995 179.1028 19.3028 31.7615 3.8909 37.9129 0.0000 29.2294 19.5742 16.1046 59.0528 51.9785 70.0722 51.9674 80.7421 42.4438 112.7437 105.9072 80.7756 75.4522 64.3724 50.1410 86.2716 33.6951 39.3745 36.2149 64.2020 41.2943 21.8715 50.0388 44.0220 33.3675 49.6585 44.6580 59.1313 50.5925 20.6429 54.0168 76.2550 38.6718 61.2690 76.1996 83.7521 98.3213 55.9159 77.3139 102.7280 77.7319 110.1055
21 47.1039 78.9425 217.2866 89.0398 161.5219 114.0687 118.5041 91.6834 85.1780 113.2034 158.3953 139.9115 140.6097 158.7001 179.0179 180.5833 31.4247 20.1214 26.8086 45.0286 29.2294 0.0000 48.6410 25.6987 81.6847 68.6787 99.2884 77.5277 109.7881 70.7414 138.6757 133.7622 106.1075 78.2275 75.4241 53.2562 94.3236 41.2921 68.6038 64.8806 93.3780 63.5508 47.2930 78.5713 61.7708 62.5965 64.7561 72.5264 88.3596 74.2232 49.3062 73.5022 70.7482 37.2748 53.5159 71.0535 77.4686 85.5099 28.0161 52.3620 86.0676 61.6968 89.7369
22 9.4253 54.6085 204.3063 79.3564 145.8360 121.9710 101.0284 81.0868 74.9073 82.8681 132.9795 117.6864 108.0734 120.6244 144.4473 177.5141 28.1320 47.1948 21.8853 41.8402 19.5742 48.6410 0.0000 29.1586 45.2582 44.7945 50.7295 35.5450 61.1844 23.3400 94.7566 86.7228 63.6138 82.7423 66.9454 59.7402 89.3641 43.8517 20.3076 20.1607 45.4248 36.3791 19.1048 33.4083 43.6751 14.4933 50.7941 29.9351 40.0111 42.3198 9.4773 50.2453 88.0687 52.3473 75.0760 87.8372 95.5690 112.6913 75.4757 96.3082 118.6387 94.0007 127.3540
23 24.1072 75.3131 197.8980 68.9339 140.7494 102.7558 96.5604 71.3402 64.6963 88.1687 134.7481 116.9110 115.4515 133.0476 153.7248 164.9185 5.9940 18.0635 12.3394 23.7490 16.1046 25.6987 29.1586 0.0000 55.9928 43.7371 78.6426 52.4180 87.8800 47.9295 113.3451 109.5563 80.7060 89.2124 79.8294 63.4367 101.3874 47.5438 49.1522 48.7851 74.2048 57.2560 37.6057 62.4004 60.0752 43.5601 65.5277 58.1075 68.4839 66.2029 34.1528 70.1114 87.3492 49.8834 71.1419 87.4262 94.6783 106.6658 53.5651 77.9780 109.1536 84.2065 114.3566
24 39.2691 93.7698 163.1764 50.5800 104.8028 100.4480 61.5735 50.9165 47.0301 37.9129 88.3747 74.5189 62.8694 77.4732 99.8289 142.8554 50.4287 69.0825 58.7733 44.7825 59.0528 81.6847 45.2582 55.9928 0.0000 20.5112 50.9388 13.1385 52.0167 29.8672 58.7471 60.1859 26.6125 127.6966 110.4625 104.9912 132.5694 88.9700 43.4083 53.2451 53.9521 77.5762 63.8769 57.7519 86.8809 44.2990 94.2783 60.6893 48.1859 79.3726 53.7221 90.6165 133.1729 96.6585 119.5097 132.9711 140.6910 156.9662 109.5233 133.8287 161.7780 136.7840 168.8335
25 36.0438 98.6579 159.6855 36.0896 101.3316 83.7515 56.4368 37.3559 31.8301 44.5295 91.5718 74.5948 71.9346 91.1696 110.3842 133.4132 37.7456 53.0307 50.3933 26.4970 51.9785 68.6787 44.7945 43.7371 20.5112 0.0000 67.7517 28.1930 70.9282 39.9032 77.6516 80.6284 46.5558 126.0963 111.6063 101.5609 134.0403 85.0514 51.7080 59.4453 68.7798 80.8560 63.6575 67.8189 88.4604 50.1500 95.5238 68.5731 62.5218 85.2585 54.2611 94.6391 128.2321 90.6260 113.0560 128.1709 135.7306 149.6169 95.5311 120.9061 152.7533 127.7437 158.0548
26 54.6143 64.7524 206.7583 101.4223 149.9116 150.9571 109.8867 101.8420 97.7206 79.5565 126.6021 117.7251 95.1274 96.0895 123.2932 191.9924 75.9062 96.5091 72.6080 82.4110 70.0722 99.2884 50.7295 78.6426 50.9388 67.7517 0.0000 39.6766 12.8389 31.8810 61.3120 44.7021 43.6902 109.5666 87.8448 94.5871 106.5154 83.0345 30.7432 37.0540 9.3598 56.8804 57.4498 27.1580 67.8156 36.7649 74.3104 34.8302 11.3362 51.2774 51.0964 64.4506 122.7437 94.2457 114.5049 122.2093 129.5635 150.5840 125.5092 144.4001 159.4681 136.5337 170.8445
27 31.6473 81.0959 176.1786 62.1186 117.8632 111.3345 74.7052 62.7494 58.2693 50.0113 100.4865 87.3127 73.4142 85.0921 109.0582 155.8401 47.5710 67.8381 52.4806 47.0546 51.9674 77.5277 35.5450 52.4180 13.1385 28.1930 39.6766 0.0000 43.0158 17.0006 61.1933 57.8370 28.8467 116.6360 98.6114 94.8522 120.5124 79.2803 30.5550 40.6692 41.5878 65.4009 53.1654 44.6165 75.0977 32.0414 82.5232 47.7156 35.5955 66.5923 43.0587 78.1424 123.4328 87.8560 110.6158 123.1692 130.9058 148.2272 105.5367 128.7211 153.9181 129.1170 161.9864
28 63.7992 77.2090 200.7144 102.2605 144.9307 152.3269 107.0581 102.3290 98.9064 75.0625 119.6242 112.4781 87.4608 85.7693 113.1874 188.9683 84.5604 105.3944 82.9825 88.8118 80.7421 109.7881 61.1844 87.8800 52.0167 70.9282 12.8389 43.0158 0.0000 40.0047 50.0101 32.1328 38.0617 122.3331 100.5189 107.3750 118.8404 95.5843 41.9802 49.3247 22.0897 69.7189 69.6258 39.9899 80.6540 47.9160 87.1290 47.6418 23.7043 63.9746 62.6514 77.1097 135.5754 106.6885 127.1898 135.0434 142.4018 163.3828 136.5508 156.1767 172.1637 149.0795 183.3669
29 23.9474 64.0981 193.0435 75.7655 134.6538 123.4306 91.0837 76.7795 71.6142 66.9766 117.4135 104.2883 89.7436 99.4487 124.4063 171.5175 44.5702 65.3916 44.0919 50.7040 42.4438 70.7414 23.3400 47.9295 29.8672 39.9032 31.8810 17.0006 40.0047 0.0000 71.7491 63.4757 41.6243 100.6950 82.0323 79.9856 103.7599 65.1256 13.5634 23.7325 30.1132 48.6586 38.2253 28.4325 58.6454 15.5251 66.0662 30.8267 23.7466 49.5943 28.5770 61.2007 108.8158 74.6723 97.0491 108.4864 116.2027 134.5878 98.1941 119.5890 141.2472 116.8413 150.4506
30 92.5595 125.5855 160.4401 93.5418 109.8200 140.4477 83.2628 92.2351 92.0786 50.9059 79.0273 78.6796 47.1412 36.7305 64.1330 158.8376 108.1860 127.6313 113.5370 103.3789 112.7437 138.6757 94.7566 113.3451 58.7471 77.6516 61.3120 61.1933 50.0101 71.7491 0.0000 21.7325 32.6624 168.7467 147.8383 150.5699 167.4365 136.4991 81.3132 91.3044 70.4360 115.2061 109.4294 86.2970 126.1353 85.9473 133.1891 93.1775 69.4068 111.5286 100.1967 124.7131 179.4266 146.3723 168.5652 179.0179 186.6484 205.9555 166.6916 189.8430 212.9670 188.5887 222.1077
31 86.6631 109.3376 181.5538 103.6278 129.5134 152.7068 98.8559 102.8278 101.3577 65.3051 99.8754 97.6222 67.4795 58.2796 85.5212 177.4429 105.0949 125.6037 107.4023 104.1165 105.9072 133.7622 86.7228 109.5563 60.1859 80.6284 44.7021 57.8370 32.1328 63.4757 21.7325 0.0000 34.6911 154.2091 132.5468 138.1964 150.9649 125.3995 70.0949 79.0374 54.0590 101.1666 98.6413 71.4747 112.1581 75.5161 118.8353 78.9216 54.5911 95.9788 90.3932 109.1515 166.7322 136.0432 157.3868 166.2404 173.7065 194.1595 161.4852 183.0308 202.2880 178.5917 212.6716
32 60.4700 101.9029 163.2161 69.6187 106.9360 119.3340 69.5962 69.0563 67.0760 37.0319 82.9359 74.5288 51.8748 57.9328 83.5622 151.1544 75.5240 95.0480 81.3265 71.3823 80.7756 106.1075 63.6138 80.7060 26.6125 46.5558 43.6902 28.8467 38.0617 41.6243 32.6624 34.6911 0.0000 141.7912 122.1789 121.6060 143.1568 106.6621 53.2394 63.7727 50.7774 88.7514 79.8446 62.3562 99.2913 56.8591 106.6289 67.9687 47.2124 87.2676 70.0815 100.0032 150.4400 115.8657 138.4451 150.1101 157.8251 176.0409 134.1205 157.5392 182.2526 157.5804 190.6797
33 90.4012 46.6813 285.3919 157.2650 227.2974 190.7032 182.4165 159.4731 152.8852 165.5201 215.7210 200.2023 190.0444 199.6918 225.0746 254.1210 94.0149 96.3820 78.1531 112.7738 75.4522 78.2275 82.7423 89.2124 127.6966 126.0963 109.5666 116.6360 122.3331 100.6950 168.7467 154.2091 141.7912 0.0000 22.4881 25.8508 20.5085 41.8269 88.5612 78.0761 100.2468 53.5452 63.8315 82.8263 42.6689 85.1827 35.5601 75.6371 99.8173 58.4292 73.9766 45.5102 21.5867 41.1104 31.1928 20.6618 24.7343 48.0206 79.1053 75.5309 61.1208 49.0074 77.0411
34 75.5825 24.1998 271.2396 144.9381 212.7808 182.5818 167.9572 146.9170 140.4879 148.3486 198.8364 184.3303 171.7741 179.8137 205.7318 242.9154 83.6688 90.7201 67.7388 102.2347 64.3724 75.4241 66.9454 79.8294 110.4625 111.6063 87.8448 98.6114 100.5189 82.0323 147.8383 132.5468 122.1789 22.4881 0.0000 25.1556 22.4341 34.2726 69.1628 58.5872 78.4894 33.4811 47.9495 61.5587 23.5841 66.6046 16.2222 54.7518 78.5244 36.5692 57.5955 23.4110 40.9621 39.9617 42.7819 40.1476 45.9861 69.1764 84.1290 87.2382 81.3371 64.9785 96.3606
35 66.5117 41.0711 260.2727 131.7945 202.3948 164.9045 157.5935 134.0559 127.4434 142.4281 192.1780 176.0426 167.8101 179.4020 203.9040 228.3539 68.3544 70.7633 52.6264 87.0709 50.1410 53.2562 59.7402 63.4367 104.9912 101.5609 94.5871 94.8522 107.3750 79.9856 150.5699 138.1964 121.6060 25.8508 25.1556 0.0000 41.1882 16.5183 69.2589 59.4105 85.6772 38.2334 41.8165 67.4864 28.0638 64.8820 24.1177 59.7664 83.8285 46.9562 51.8163 37.1198 28.8832 16.0661 21.1555 28.5183 36.2214 56.0171 59.0630 63.0320 65.3046 44.4245 78.1797
36 98.0157 41.8511 293.6666 167.2630 235.1992 204.0616 190.3849 169.2680 162.8172 170.3992 220.9070 206.6239 193.3864 200.3974 226.6752 265.1465 105.5038 111.0477 89.4979 124.1844 86.2716 94.3236 89.3641 101.3874 132.5694 134.0403 106.5154 120.5124 118.8404 103.7599 167.4365 150.9649 143.1568 20.5085 22.4341 41.1882 0.0000 54.4618 90.6189 80.1047 97.2065 55.1165 70.3832 81.4227 45.8434 88.4720 38.5837 75.2260 98.0893 56.1185 79.9926 43.1636 41.4957 57.2527 51.3936 40.5658 43.0004 65.2905 98.3959 96.0178 79.1974 69.3248 95.6520
37 50.1849 40.3727 243.8088 115.4627 185.8910 149.8053 141.0803 117.6922 111.0931 126.2015 175.7991 159.5578 151.8379 164.1987 188.2863 212.3604 52.2103 56.6761 36.3264 70.9848 33.6951 41.2921 43.8517 47.5438 88.9700 85.0514 83.0345 79.2803 95.5843 65.1256 136.4991 125.3995 106.6621 41.8269 34.2726 16.5183 54.4618 0.0000 55.4937 46.4405 74.6248 30.1798 27.0708 56.5846 23.4595 50.5621 24.2632 48.8909 71.8825 40.7778 36.5812 35.2146 44.2219 11.6795 32.0983 44.0045 51.7303 69.4892 54.2892 65.0960 76.8918 53.5013 87.8105
38 26.0380 50.5762 206.5742 87.7970 148.1579 134.2443 104.4205 89.0014 83.5285 80.4782 130.8661 117.8517 102.7679 111.1312 136.6750 184.4073 47.3248 67.2119 42.0443 57.7225 39.3745 68.6038 20.3076 49.1522 43.4083 51.7080 30.7432 30.5550 41.9802 13.5634 81.3132 70.0949 53.2394 88.5612 69.1628 69.2589 90.6189 55.4937 0.0000 10.5783 25.1266 35.6825 28.5637 16.3147 46.0689 6.0218 53.4322 17.3696 19.7687 36.0385 20.6992 47.8151 98.1250 65.9587 87.5819 97.7266 105.3771 124.7646 94.7940 114.2261 132.3451 108.5031 142.5826
39 28.5811 40.5285 216.1973 95.3667 157.7029 140.3395 113.6114 96.7673 91.0058 90.6797 141.1385 127.7633 113.2905 121.6288 147.2424 192.7699 48.2418 66.6052 39.5235 61.4559 36.2149 64.8806 20.1607 48.7851 53.2451 59.4453 37.0540 40.6692 49.3247 23.7325 91.3044 79.0374 63.7727 78.0761 58.5872 59.4105 80.1047 46.4405 10.5783 0.0000 29.4630 25.1089 20.4017 13.8318 35.5186 9.3358 42.8669 9.9088 25.7383 26.2669 15.6143 37.4756 88.1944 57.3897 78.3546 87.7636 95.3675 115.2145 89.6589 107.5096 123.2840 99.8577 134.1043
40 50.6423 55.4171 213.0359 103.6747 155.6749 152.5089 114.5124 104.3367 99.7634 85.4422 133.5891 123.7698 102.6024 104.7889 131.8546 196.4181 72.0802 92.2456 67.0421 80.5621 64.2020 93.3780 45.4248 74.2048 53.9521 68.7798 9.3598 41.5878 22.0897 30.1132 70.4360 54.0590 50.7774 100.2468 78.4894 85.6772 97.2065 74.6248 25.1266 29.4630 0.0000 47.7650 49.7529 18.2059 58.6522 30.9818 65.0551 25.9541 6.3720 41.9244 44.3757 55.0925 113.6645 85.9873 105.8119 113.1157 120.4266 141.6210 118.9123 136.9352 150.7314 128.0630 162.3895
41 45.7069 18.4817 239.6785 115.7353 181.1351 157.3632 136.5797 117.4539 111.2863 115.3311 165.8386 151.8926 138.3601 146.4911 172.2832 213.8834 59.2983 72.5228 45.1776 76.3427 41.2943 63.5508 36.3791 57.2560 77.5762 80.8560 56.8804 65.4009 69.7189 48.6586 115.2061 101.1666 88.7514 53.5452 33.4811 38.2334 55.1165 30.1798 35.6825 25.1089 47.7650 0.0000 19.7864 29.7479 10.9981 33.3663 18.0086 22.2544 46.5815 10.9767 27.0026 13.8686 65.9005 41.7989 58.9601 65.3508 72.6832 93.9510 82.6609 95.2664 103.5334 81.8687 116.0359
42 27.6522 38.1580 223.3011 97.4438 164.8641 137.8302 120.0195 99.3176 92.9850 101.6896 151.9412 136.7845 126.4185 137.5914 162.1544 195.6137 39.5120 53.5426 25.7563 56.7454 21.8715 47.2930 19.1048 37.6057 63.8769 63.6575 57.4498 53.1654 69.6258 38.2253 109.4294 98.6413 79.8446 63.8315 47.9495 41.8165 70.3832 27.0708 28.5637 20.4017 49.7529 19.7864 0.0000 32.7484 25.0069 23.4931 31.8955 25.8392 46.1247 28.7211 10.1627 33.2047 70.6028 37.4019 59.1564 70.2849 78.0092 96.5395 70.2338 87.1870 103.8108 79.9506 114.0771
43 40.9918 39.7316 220.5644 103.8778 162.3813 150.5581 119.2808 105.0035 99.6475 93.4162 143.2501 131.4137 113.7307 119.0311 145.5321 199.9472 61.5127 80.3104 53.3541 73.4839 50.0388 78.5713 33.4083 62.4004 57.7519 67.8189 27.1580 44.6165 39.9899 28.4325 86.2970 71.4747 62.3562 82.8263 61.5587 67.4864 81.4227 56.5846 16.3147 13.8318 18.2059 29.7479 32.7484 0.0000 40.7148 19.9147 47.3701 7.7527 16.9984 25.3148 29.4129 38.4431 95.5861 68.0444 87.6173 95.0535 102.4211 123.4555 102.8458 119.6888 132.5275 109.9446 144.2696
44 52.5780 17.2897 247.9383 122.4496 189.4379 162.0829 144.6763 124.3233 117.9909 124.7727 175.2556 160.7883 148.3677 157.1305 182.7389 220.6134 63.0696 73.5411 47.7357 81.0829 44.0220 61.7708 43.6751 60.0752 86.8809 88.4604 67.8156 75.0977 80.6540 58.6454 126.1353 112.1581 99.2913 42.6689 23.5841 28.0638 45.8434 23.4595 46.0689 35.5186 58.6522 10.9981 25.0069 40.7148 0.0000 43.1546 7.4270 33.2521 57.5769 18.9226 34.2377 11.9278 55.0841 34.3592 49.1278 54.5105 61.7765 83.2946 77.6598 87.7896 93.2534 72.2964 106.2239
45 21.1335 49.6367 207.0261 86.1205 148.5116 131.5218 104.3343 87.4901 81.7743 81.9729 132.4776 118.7650 105.2131 114.7761 139.8992 183.4419 42.0602 61.6199 36.0857 53.5888 33.3675 62.5965 14.4933 43.5601 44.2990 50.1500 36.7649 32.0414 47.9160 15.5251 85.9473 75.5161 56.8591 85.1827 66.6046 64.8820 88.4720 50.5621 6.0218 9.3358 30.9818 33.3663 23.4931 19.9147 43.1546 0.0000 50.5800 18.6069 25.7640 35.5374 14.9279 46.3269 93.7608 60.7227 82.6491 93.3994 101.0919 120.0090 88.7826 108.3642 127.2510 103.2169 137.1933
46 59.5465 17.2130 255.1001 129.1972 196.6217 168.0033 151.8224 131.1205 124.7408 132.1768 182.6525 168.1084 155.7929 164.4333 190.1071 227.2987 68.9030 77.9873 53.2359 87.1998 49.6585 64.7561 50.7941 65.5277 94.2783 95.5238 74.3104 82.5232 87.1290 66.0662 133.1891 118.8353 106.6289 35.5601 16.2222 24.1177 38.5837 24.2632 53.4322 42.8669 65.0551 18.0086 31.8955 47.3701 7.4270 50.5800 0.0000 40.0920 64.3326 23.9324 41.4093 13.0021 49.2957 33.7082 45.1931 48.6591 55.6885 77.7628 78.1951 86.1207 88.3434 68.4746 101.9333
47 38.4876 34.0529 223.8637 104.6173 165.4803 150.0765 121.7900 105.9285 100.2925 97.3876 147.6016 135.0117 118.7712 125.2288 151.4518 201.6266 57.8830 75.7229 48.1869 71.3642 44.6580 72.5264 29.9351 58.1075 60.6893 68.5731 34.8302 47.7156 47.6418 30.8267 93.1775 78.9216 67.9687 75.6371 54.7518 59.7664 75.2260 48.8909 17.3696 9.9088 25.9541 22.2544 25.8392 7.7527 33.2521 18.6069 40.0920 0.0000 24.3312 19.3675 24.1598 32.0631 87.9545 60.3912 79.8646 87.4336 94.8382 115.7546 96.0719 112.3284 124.7773 102.2098 136.5331
48 44.7188 56.2587 208.4371 97.5851 150.8143 146.2686 109.1498 98.2998 93.6352 80.7876 129.5666 119.1144 99.0615 102.7265 129.5128 190.9021 66.1549 86.4824 61.8081 74.2574 59.1313 88.3596 40.0111 68.4839 48.1859 62.5218 11.3362 35.5955 23.7043 23.7466 69.4068 54.5911 47.2124 99.8173 78.5244 83.8285 98.0893 71.8825 19.7687 25.7383 6.3720 46.5815 46.1247 16.9984 57.5769 25.7640 64.3326 24.3312 0.0000 42.1231 39.8432 55.3155 112.2092 83.0195 103.5071 111.7027 119.1389 139.8450 114.3419 133.0697 148.4832 125.3804 159.6741
49 51.7238 14.6864 242.4392 120.8874 183.9574 164.2767 139.8686 122.4192 116.4786 116.4882 166.8099 153.8682 138.1348 144.2913 170.6716 218.6715 67.6238 82.2225 54.4764 83.7214 50.5925 74.2232 42.3198 66.2029 79.3726 85.2585 51.2774 66.5923 63.9746 49.5943 111.5286 95.9788 87.2676 58.4292 36.5692 46.9562 56.1185 40.7778 36.0385 26.2669 41.9244 10.9767 28.7211 25.3148 18.9226 35.5374 23.9324 19.3675 42.1231 0.0000 33.6222 13.2104 73.2265 52.2736 68.0476 72.5915 79.5889 101.6695 93.6337 105.8407 112.0015 91.2165 125.1329
50 18.7082 45.3456 213.7070 88.7706 155.2170 130.7816 110.4398 90.5261 84.3179 91.5548 141.8459 126.8431 116.2627 127.6902 152.0923 186.9463 34.5652 51.5907 24.0639 50.0993 20.6429 49.3062 9.4773 34.1528 53.7221 54.2611 51.0964 43.0587 62.6514 28.5770 100.1967 90.3932 70.0815 73.9766 57.5955 51.8163 79.9926 36.5812 20.6992 15.6143 44.3757 27.0026 10.1627 29.4129 34.2377 14.9279 41.4093 24.1598 39.8432 33.6222 0.0000 40.8690 80.5035 46.1805 68.4728 80.2117 87.9451 106.0149 74.5578 93.5318 112.7775 88.5427 122.4060
51 59.5749 5.4455 253.1728 129.6003 194.6320 171.0190 150.1835 131.3108 125.1520 128.1537 178.6129 165.0904 150.4780 157.2669 183.5118 227.7399 72.5542 84.4807 57.8476 89.9442 54.0168 73.5022 50.2453 70.1114 90.6165 94.6391 64.4506 78.1424 77.1097 61.2007 124.7131 109.1515 100.0032 45.5102 23.4110 37.1198 43.1636 35.2146 47.8151 37.4756 55.0925 13.8686 33.2047 38.4431 11.9278 46.3269 13.0021 32.0631 55.3155 13.2104 40.8690 0.0000 61.4410 45.7253 58.1816 60.7483 67.4613 90.0048 89.4915 98.7615 100.9841 81.4593 114.8088
52 94.2148 63.9269 285.2454 156.2643 227.9720 184.8144 183.4805 158.6872 152.0435 170.2485 219.5259 202.8126 196.0422 208.1802 232.4761 250.8150 92.8611 90.4725 78.0721 110.9998 76.2550 70.7482 88.0687 87.3492 133.1729 128.2321 122.7437 123.4328 135.5754 108.8158 179.4266 166.7322 150.4400 21.5867 40.9621 28.8832 41.4957 44.2219 98.1250 88.1944 113.6645 65.9005 70.6028 95.5861 55.0841 93.7608 49.2957 87.9545 112.2092 73.2265 80.5035 61.4410 0.0000 37.7072 17.2865 0.9311 7.5301 28.5682 64.5728 56.1652 40.3890 28.0063 55.7833
53 57.4067 50.6240 247.7168 118.8013 190.3069 149.8303 145.7777 121.1811 114.5385 133.1693 182.0647 165.1692 159.3876 172.9479 196.4189 214.3050 55.2653 55.3276 40.3712 73.6207 38.6718 37.2748 52.3473 49.8834 96.6585 90.6260 94.2457 87.8560 106.6885 74.6723 146.3723 136.0432 115.8657 41.1104 39.9617 16.0661 57.2527 11.6795 65.9587 57.3897 85.9873 41.7989 37.4019 68.0444 34.3592 60.7227 33.7082 60.3912 83.0195 52.2736 46.1805 45.7253 37.7072 0.0000 22.8515 37.7113 45.1612 60.3958 44.7700 53.5760 66.5970 42.5492 76.7251
54 80.2546 61.9075 268.8557 139.8735 211.8899 167.5647 167.6272 142.3473 135.7108 155.9322 204.5998 187.4548 182.2238 195.7004 219.2657 233.8002 76.8173 73.3359 62.6645 94.6060 61.2690 53.5159 75.0760 71.1419 119.5097 113.0560 114.5049 110.6158 127.1898 97.0491 168.5652 157.3868 138.4451 31.1928 42.7819 21.1555 51.3936 32.0983 87.5819 78.3546 105.8119 58.9601 59.1564 87.6173 49.1278 82.6491 45.1931 79.8646 103.5071 68.0476 68.4728 58.1816 17.2865 22.8515 0.0000 17.6671 24.0012 37.6183 48.6056 45.1103 44.9764 23.2829 57.1161
55 94.0545 63.1878 285.3239 156.3520 228.0068 185.1221 183.4881 158.7665 152.1226 170.0941 219.4238 202.7586 195.8402 207.8729 232.2205 251.0246 92.9136 90.7325 78.0581 111.0961 76.1996 71.0535 87.8372 87.4262 132.9711 128.1709 122.2093 123.1692 135.0434 108.4864 179.0179 166.2404 150.1101 20.6618 40.1476 28.5183 40.5658 44.0045 97.7266 87.7636 113.1157 65.3508 70.2849 95.0535 54.5105 93.3994 48.6591 87.4336 111.7027 72.5915 80.2117 60.7483 0.9311 37.7113 17.6671 0.0000 7.7366 29.2834 65.2007 57.0158 41.2241 28.9201 56.6680
56 101.7442 69.5900 292.5535 163.5619 235.3583 191.4632 190.9070 166.0005 159.3579 177.7785 227.0462 210.3040 203.5604 215.5997 239.9569 257.7984 100.2305 97.3331 85.5324 118.2868 83.7521 77.4686 95.5690 94.6783 140.6910 135.7306 129.5635 130.9058 142.4018 116.2027 186.6484 173.7065 157.8251 24.7343 45.9861 36.2214 43.0004 51.7303 105.3771 95.3675 120.4266 72.6832 78.0092 102.4211 61.7765 101.0919 55.6885 94.8382 119.1389 79.5889 87.9451 67.4613 7.5301 45.1612 24.0012 7.7366 0.0000 23.3291 69.5121 58.5459 36.4855 29.2373 52.7073
57 117.6975 92.4643 302.7945 174.2961 246.7333 196.9785 203.0572 176.8845 170.3081 193.0409 241.1543 223.5629 219.5527 233.3154 256.7739 265.2238 112.5482 105.5649 99.3687 129.4176 98.3213 85.5099 112.6913 106.6658 156.9662 149.6169 150.5840 148.2272 163.3828 134.5878 205.9555 194.1595 176.0409 48.0206 69.1764 56.0171 65.2905 69.4892 124.7646 115.2145 141.6210 93.9510 96.5395 123.4555 83.2946 120.0090 77.7628 115.7546 139.8450 101.6695 106.0149 90.0048 28.5682 60.3958 37.6183 29.2834 23.3291 0.0000 69.8359 50.9422 14.3924 24.6578 31.2236
58 74.8645 94.6600 237.1782 111.5523 183.3444 127.8525 141.9997 114.3129 108.1167 139.8510 183.2534 164.2086 167.3193 186.2199 205.8447 196.9824 59.1088 43.2317 54.1110 70.3771 55.9159 28.0161 75.4757 53.5651 109.5233 95.5311 125.5092 105.5367 136.5508 98.1941 166.6916 161.4852 134.1205 79.1053 84.1290 59.0630 98.3959 54.2892 94.7940 89.6589 118.9123 82.6609 70.2338 102.8458 77.6598 88.7826 78.1951 96.0719 114.3419 93.6337 74.5578 89.4915 64.5728 44.7700 48.6056 65.2007 69.5121 69.8359 0.0000 26.1165 66.3376 45.2987 66.1438
59 97.3071 103.3302 262.6983 137.6471 209.3094 151.8433 168.1157 140.4116 134.2292 165.3770 209.3132 190.3102 192.8242 211.0256 231.2896 221.5051 83.7743 69.2050 76.3105 96.2260 77.3139 52.3620 96.3082 77.9780 133.8287 120.9061 144.4001 128.7211 156.1767 119.5890 189.8430 183.0308 157.5392 75.5309 87.2382 63.0320 96.0178 65.0960 114.2261 107.5096 136.9352 95.2664 87.1870 119.6888 87.7896 108.3642 86.1207 112.3284 133.0697 105.8407 93.5318 98.7615 56.1652 53.5760 45.1103 57.0158 58.5459 50.9422 26.1165 0.0000 43.7535 29.5459 40.5887
60 122.7130 103.8864 302.5690 175.0286 247.4727 194.1729 204.5514 177.6962 171.2202 196.8352 243.8579 225.7283 223.7661 238.8541 261.5003 263.2731 115.1348 105.6469 103.2550 130.9234 102.7280 86.0676 118.6387 109.1536 161.7780 152.7533 159.4681 153.9181 172.1637 141.2472 212.9670 202.2880 182.2526 61.1208 81.3371 65.3046 79.1974 76.8918 132.3451 123.2840 150.7314 103.5334 103.8108 132.5275 93.2534 127.2510 88.3434 124.7773 148.4832 112.0015 112.7775 100.9841 40.3890 66.5970 44.9764 41.2241 36.4855 14.3924 66.3376 43.7535 0.0000 25.0532 16.8312
61 97.7916 85.1200 278.8299 150.7294 223.2135 172.3382 179.9632 153.3635 146.8380 171.7865 218.9494 200.9401 198.7138 213.9493 236.4701 240.7141 90.1772 81.5768 78.2093 106.2665 77.7319 61.6968 94.0007 84.2065 136.7840 127.7437 136.5337 129.1170 149.0795 116.8413 188.5887 178.5917 157.5804 49.0074 64.9785 44.4245 69.3248 53.5013 108.5031 99.8577 128.0630 81.8687 79.9506 109.9446 72.2964 103.2169 68.4746 102.2098 125.3804 91.2165 88.5427 81.4593 28.0063 42.5492 23.2829 28.9201 29.2373 24.6578 45.2987 29.5459 25.0532 0.0000 34.3267
62 130.4001 118.0932 303.2178 177.4131 249.4348 192.2562 207.5986 180.1497 173.8432 202.5252 248.0867 229.4263 229.7829 246.2817 267.9449 262.0230 120.3340 108.2429 110.0761 134.6718 110.1055 89.7369 127.3540 114.3566 168.8335 158.0548 170.8445 161.9864 183.3669 150.4506 222.1077 212.6716 190.6797 77.0411 96.3606 78.1797 95.6520 87.8105 142.5826 134.1043 162.3895 116.0359 114.0771 144.2696 106.2239 137.1933 101.9333 136.5331 159.6741 125.1329 122.4060 114.8088 55.7833 76.7251 57.1161 56.6680 52.7073 31.2236 66.1438 40.5887 16.8312 34.3267 0.0000
;

end;