# Archivo de datos para el modelo de Enrutamiento de Vehículos (N=52 Clientes)

param N := 52;
param K := 9;
param T := 5;

param Q :=
1 5000
2 5000
3 5000
4 10000
5 10000
6 10000
7 15000
8 15000
9 15000
;

# Demands
# Note i = 0 is the depot
param w :=
0 0
1 541
2 541
3 541
4 541
5 541
6 541
7 541
8 541
9 1028
10 1028
11 1028
12 1028
13 1028
14 1028
15 1028
16 1028
17 1028
18 1028
19 1028
20 1028
21 1028
22 1028
23 345
24 345
25 345
26 345
27 345
28 345
29 345
30 345
31 345
32 653
33 769
34 769
35 769
36 769
37 769
38 769
39 769
40 769
41 548
42 548
43 548
44 548
45 548
46 548
47 528
48 528
49 528
50 866
51 866
52 1280
;

param W :=
0 0
1 1802
2 1802
3 1802
4 1802
5 1802
6 1802
7 1802
8 1802
9 3426
10 3426
11 3426
12 3426
13 3426
14 3426
15 3426
16 3426
17 3426
18 3426
19 3426
20 3426
21 3426
22 3426
23 1151
24 1151
25 1151
26 1151
27 1151
28 1151
29 1151
30 1151
31 1151
32 2177
33 2563
34 2563
35 2563
36 2563
37 2563
38 2563
39 2563
40 2563
41 1827
42 1827
43 1827
44 1827
45 1827
46 1827
47 1759
48 1759
49 1759
50 2885
51 2885
52 4266
;

param serv :=
0 0
1 33
2 33
3 33
4 33
5 33
6 33
7 33
8 33
9 37
10 37
11 37
12 37
13 37
14 37
15 37
16 37
17 37
18 37
19 37
20 37
21 37
22 37
23 32
24 32
25 32
26 32
27 32
28 32
29 32
30 32
31 32
32 34
33 35
34 35
35 35
36 35
37 35
38 35
39 35
40 35
41 33
42 33
43 33
44 33
45 33
46 33
47 33
48 33
49 33
50 36
51 36
52 38
;

param early :=
0 0
1 0
2 480
3 480
4 480
5 480
6 480
7 480
8 480
9 480
10 480
11 480
12 480
13 480
14 480
15 480
16 480
17 480
18 480
19 480
20 480
21 480
22 0
23 480
24 480
25 480
26 480
27 480
28 480
29 480
30 480
31 480
32 480
33 480
34 480
35 480
36 480
37 480
38 480
39 480
40 0
41 0
42 480
43 480
44 480
45 480
46 480
47 420
48 480
49 480
50 480
51 480
52 480
;

param late :=
0 1440
1 1439
2 960
3 960
4 1200
5 1170
6 960
7 960
8 960
9 960
10 1200
11 960
12 960
13 960
14 960
15 960
16 960
17 960
18 960
19 960
20 960
21 960
22 1439
23 960
24 960
25 960
26 960
27 960
28 960
29 960
30 960
31 960
32 960
33 930
34 930
35 930
36 930
37 930
38 930
39 960
40 1439
41 1439
42 960
43 960
44 960
45 960
46 960
47 1200
48 960
49 960
50 1260
51 930
52 1200
;

param duedate :=
0 5
1 5
2 5
3 5
4 5
5 5
6 5
7 5
8 5
9 5
10 5
11 5
12 5
13 5
14 5
15 5
16 5
17 5
18 5
19 5
20 5
21 5
22 5
23 5
24 5
25 5
26 5
27 5
28 5
29 5
30 5
31 5
32 5
33 5
34 5
35 5
36 5
37 5
38 5
39 5
40 5
41 5
42 5
43 5
44 5
45 5
46 5
47 5
48 5
49 5
50 5
51 5
52 5
;

# Matriz de Tiempo / Distancias (c[i,j])
# La matriz es de 53x53 (nodos 0 a 52)
param c :
0 1 2 3 4 5 6 7 8 9 10 11 12 13 14 15 16 17 18 19 20 21 22 23 24 25 26 27 28 29 30 31 32 33 34 35 36 37 38 39 40 41 42 43 44 45 46 47 48 49 50 51 52 :=
0 0.0000 43.4643 54.8521 46.4318 30.0531 72.3075 41.4945 59.6406 39.0206 57.1122 56.9615 109.2638 81.0687 117.2595 99.0537 97.9239 106.1325 75.0161 53.3701 91.7714 67.6546 52.4668 57.5691 127.8763 171.5833 148.9292 171.1287 132.1109 114.7988 148.7437 132.5586 178.5842 142.6695 95.3467 60.4565 95.5137 92.6192 98.1783 94.3690 93.5022 96.7936 136.1455 98.2165 143.3205 169.1634 188.9972 137.2433 103.4824 109.8904 82.7145 150.9053 148.2186 137.7296
1 43.4643 0.0000 53.9764 30.7143 30.3751 40.1346 31.7244 74.7972 4.9397 98.3933 99.1446 118.2950 90.0259 160.6309 138.7677 139.2934 131.7928 117.6044 81.8685 105.5459 110.4511 94.9633 96.5925 148.3602 189.2252 183.2722 195.9975 168.8273 138.8841 179.3708 156.8702 206.3091 168.7432 85.1738 71.5500 90.3404 82.6062 86.1153 85.9217 82.6214 85.3265 98.9942 56.1989 101.2138 135.9455 146.0338 99.2384 132.2235 144.2537 102.4670 107.5175 104.9636 150.8792
2 54.8521 53.9764 0.0000 80.6187 28.9160 93.9283 78.9063 26.3991 54.3698 104.7877 102.5770 64.3187 36.2930 151.6275 146.7230 114.8591 84.0859 100.4143 45.4583 52.5473 110.0063 97.6442 108.3463 96.6468 135.9182 141.8467 145.5510 131.6239 89.5979 133.8273 107.0216 157.5560 197.3349 136.5248 111.5867 139.9390 133.8357 138.0923 136.6846 134.1426 137.1024 148.1423 100.7276 141.8647 187.1457 180.7883 147.5036 157.9585 162.2546 137.0285 134.7095 139.4730 191.1618
3 46.4318 30.7143 80.6187 0.0000 52.6454 28.1423 5.8071 96.8369 27.8628 88.0253 90.4536 143.9534 115.0934 154.0009 123.8840 142.7425 149.9694 118.6615 97.4181 129.1594 102.6811 87.3087 83.2028 169.5618 212.1261 195.3162 215.1005 178.5049 158.0545 194.5142 176.0704 223.6256 142.4601 55.9223 43.3756 60.0656 53.2463 57.5053 56.2202 53.5250 56.4898 91.6820 61.6352 104.4995 122.9410 151.7053 93.3359 108.2199 123.6719 75.4014 120.9201 113.3894 120.8719
4 30.0531 30.3751 28.9160 52.6454 0.0000 69.7862 50.4112 45.0662 28.9025 85.9511 85.0296 91.3109 62.4494 141.6287 128.2500 113.6327 101.4426 94.1723 51.9066 76.8348 94.6069 80.2620 87.3306 118.6192 160.2747 153.4821 165.8186 139.8012 108.6448 149.0709 126.6623 175.9522 171.8127 108.2872 82.9318 111.2716 105.5730 110.0852 108.2723 105.9770 109.0167 129.2233 84.8522 129.0986 166.3049 172.1072 129.3217 132.9550 139.9436 109.4796 129.9049 130.5028 162.8618
5 72.3075 40.1346 93.9283 28.1423 69.7862 0.0000 33.9492 114.7108 40.8846 116.0342 118.5635 158.1969 130.1004 182.1147 150.7972 169.8840 170.9374 146.1690 119.6312 145.6797 130.8048 115.4494 110.8445 188.3146 229.3589 219.8191 235.5630 203.9320 178.3597 217.4654 196.3966 245.3328 161.4385 54.3211 63.7394 62.7818 52.3196 53.6221 56.3653 51.6120 53.4126 64.0078 36.6545 76.9968 97.6204 124.3501 65.4186 130.3782 148.1011 95.1717 97.1197 87.3506 132.2679
6 41.4945 31.7244 78.9063 5.8071 50.4112 33.9492 0.0000 93.8295 28.1437 82.2503 84.6528 141.5880 112.6795 148.1983 118.3820 137.2104 145.9872 113.0393 93.2764 126.3156 96.8770 81.5016 77.5303 166.0705 208.9151 190.4175 211.1421 173.3909 154.2164 189.9897 172.1949 219.3692 138.8836 57.9183 40.3021 61.0662 55.1945 59.8890 57.8618 55.6556 58.7514 97.4171 67.1211 110.2248 128.2898 157.3964 99.1062 103.9668 118.8023 71.9692 126.0811 118.9004 119.1563
7 59.6406 74.7972 26.3991 96.8369 45.0662 114.7108 93.8295 0.0000 73.8672 97.0895 93.6552 49.6314 22.1253 134.0760 136.8793 92.5781 58.3063 81.8636 23.7411 32.6117 98.5236 88.8828 102.9170 73.6038 115.3545 115.4491 121.3823 105.5923 64.5509 107.7209 82.3757 132.4606 195.8957 151.4912 120.0561 153.2578 148.7484 153.6720 151.0924 149.3327 152.4871 172.2226 125.6691 167.7324 210.3727 207.1586 171.8844 156.3137 156.5394 141.0263 161.0711 165.7946 196.6314
8 39.0206 4.9397 54.3698 27.8628 28.9025 40.8846 28.1437 73.8672 0.0000 93.5440 94.3578 118.5600 90.0328 156.0369 133.8433 135.5077 130.2013 113.5233 79.5625 105.1698 105.7264 90.2125 91.6705 147.4648 188.7999 180.6922 194.7054 165.8733 137.5161 177.2980 155.5436 204.6707 164.1917 83.2192 67.4577 87.8816 80.6022 84.3992 83.7754 80.7208 83.5287 101.4277 59.8424 104.9600 137.6982 150.1379 101.8658 127.4987 139.3597 98.0933 112.1603 109.2221 147.1227
9 57.1122 98.3933 104.7877 88.0253 85.9511 116.0342 82.2503 97.0895 93.5440 0.0000 5.6275 141.7956 118.5102 66.3812 42.3576 70.8536 117.8205 46.8396 77.5447 122.2902 16.1267 8.7632 10.3074 143.9298 187.0382 136.9065 175.6410 115.9950 127.4371 144.8916 142.1386 177.4969 101.8911 113.3145 67.9002 107.7544 111.1301 117.5235 110.6736 112.7248 115.8210 178.1426 148.5507 192.4044 204.3167 239.4391 180.2883 63.6605 59.5763 65.0898 205.1737 200.1390 116.5868
10 56.9615 99.1446 102.5770 90.4536 85.0296 118.5635 84.6528 93.6552 94.3578 5.6275 0.0000 137.5665 114.8288 63.5512 44.1466 65.3986 112.6051 41.2495 73.4700 118.0454 12.3006 4.9328 15.9079 138.7780 181.7594 131.3013 170.0942 110.4187 122.2143 139.2723 136.7646 171.8821 106.7612 117.8486 72.4571 112.5558 115.6161 122.0078 115.2816 117.1814 120.3120 181.1585 150.3929 194.5568 208.0540 241.4412 183.1957 68.8591 63.5929 70.6474 206.3330 201.8184 122.1957
11 109.2638 118.2950 64.3187 143.9534 91.3109 158.1969 141.5880 49.6314 118.5600 141.7956 137.5665 0.0000 28.9142 164.9266 178.3200 115.6104 48.8989 114.8634 64.3203 19.5229 139.8528 133.1489 148.9527 42.8995 73.6265 107.9226 90.7919 107.6083 46.9377 92.1658 58.0617 106.1562 242.8429 199.5062 169.6420 201.9587 196.7810 201.3832 199.3610 197.2323 200.2971 209.8674 161.5383 198.8313 249.7202 232.0936 208.7441 203.5141 201.1569 190.3153 183.4029 192.7235 246.0358
12 81.0687 90.0259 36.2930 115.0934 62.4494 130.1004 112.6795 22.1253 90.0328 118.5102 114.8288 28.9142 0.0000 150.7746 157.4469 105.4432 54.2922 98.7961 42.1565 17.0956 118.8796 110.1427 124.6964 61.6443 99.6580 115.3549 111.0586 109.4864 57.4860 103.8427 73.6556 124.2869 217.9227 170.5969 141.2258 173.0673 167.8707 172.4927 170.4468 168.3281 171.3990 183.8913 136.0046 175.4828 223.2091 211.7228 183.0663 178.3599 178.0673 162.9821 163.9669 171.1968 218.4938
13 117.2595 160.6309 151.6275 154.0009 141.6287 182.1147 148.1983 134.0760 156.0369 66.3812 63.5512 164.9266 150.7746 0.0000 48.8386 51.6131 123.9580 52.2334 110.3607 146.8979 51.3292 66.8280 73.3439 148.7285 184.6205 110.1463 161.9812 89.3948 132.0603 126.4647 140.0079 157.0339 123.0151 177.0172 132.1619 170.0944 175.0670 181.4054 174.0541 176.7697 179.6904 244.5205 213.5201 257.9423 270.1190 304.6634 246.6409 98.7882 77.7231 119.9846 268.1416 264.6499 158.6005
14 99.0537 138.7677 146.7230 123.8840 128.2500 150.7972 118.3820 136.8793 133.8433 42.3576 44.1466 178.3200 157.4469 48.8386 0.0000 83.3757 147.0165 67.7695 115.4300 158.8974 38.6134 49.0794 42.1801 173.3674 214.1309 150.1469 197.0274 128.5195 156.3111 163.0358 168.3990 195.2783 77.3699 135.1318 92.6861 126.9323 133.5265 139.6439 131.8592 135.3311 137.9518 209.5150 185.4991 227.7852 230.6973 275.1462 212.2261 49.9496 30.2841 74.1556 243.9295 237.2700 109.7749
15 97.9239 139.2934 114.8591 142.7425 113.6327 169.8840 137.2104 92.5781 135.5077 70.8536 65.3986 115.6104 105.4432 51.6131 83.3757 0.0000 72.5157 25.1552 69.7016 98.7140 56.7481 64.9671 81.1001 97.1164 133.9219 67.7041 113.9980 46.1629 80.4669 79.6659 88.7835 111.9360 160.3096 180.5151 135.8117 176.3717 178.0921 184.4076 178.2949 179.5065 182.7595 233.8765 195.3497 240.4613 265.3101 285.0598 235.0969 127.5393 113.1092 135.8512 243.5159 243.6459 185.1657
16 106.1325 131.7928 84.0859 149.9694 101.4426 170.9374 145.9872 58.3063 130.2013 117.8205 112.6051 48.8989 54.2922 123.9580 147.0165 72.5157 0.0000 79.4171 52.8368 39.0916 110.8648 109.1987 126.9721 26.4034 69.3367 61.3590 65.1553 58.7500 9.6225 49.9860 26.4616 74.5187 218.9908 201.4774 163.6159 201.2589 198.7511 204.2906 200.4495 199.6307 202.9181 230.1707 183.9494 225.9112 267.7382 264.3883 229.9660 181.4578 173.7156 176.8311 217.3256 223.3142 231.9031
17 75.0161 117.6044 100.4143 118.6615 94.1723 146.1690 113.0393 81.8636 113.5233 46.8396 41.2495 114.8634 98.7961 52.2334 67.7695 25.1552 79.4171 0.0000 58.1358 96.1405 34.4764 40.2600 57.1463 105.6943 146.4668 90.0824 131.1802 69.1771 88.6175 98.9451 100.7549 131.6184 142.1041 155.3611 110.6840 151.2508 152.9408 159.2593 153.1405 154.3591 157.6097 210.1598 173.1604 218.2915 240.8083 263.6327 211.5513 106.9053 95.5988 111.8862 223.6336 222.5160 162.8139
18 53.3701 81.8685 45.4583 97.4181 51.9066 119.6312 93.2764 23.7411 79.5625 77.5447 73.4700 64.3203 42.1565 110.3607 115.4300 69.7016 52.8368 58.1358 0.0000 44.8734 76.8251 68.9529 84.6481 74.8876 118.8907 101.5775 117.9539 88.5048 61.4288 97.8398 79.2181 126.2306 178.5799 148.7025 112.0308 148.7546 145.9717 151.4745 147.7379 146.8300 150.1116 180.8546 136.6909 180.5865 217.1038 222.4135 181.0902 139.3493 137.0318 128.5399 178.0568 180.7677 184.3213
19 91.7714 105.5459 52.5473 129.1594 76.8348 145.6797 126.3156 32.6117 105.1698 122.2902 118.0454 19.5229 17.0956 146.8979 158.8974 98.7140 39.0916 96.1405 44.8734 0.0000 120.3927 113.6356 129.5214 44.5724 83.6793 100.4422 93.9661 96.5407 41.0515 87.7143 56.6971 107.2624 223.4480 184.0605 152.2181 185.8664 181.3193 186.1927 183.6902 181.8841 185.0249 200.5891 152.8605 192.5683 239.6929 228.7000 199.8462 184.1767 181.6350 171.7885 180.8034 188.2524 227.5855
20 67.6546 110.4511 110.0063 102.6811 94.6069 130.8048 96.8770 98.5236 105.7264 16.1267 12.3006 139.8528 118.8796 51.3292 38.6134 56.7481 110.8648 34.4764 76.8251 120.3927 0.0000 15.6137 25.4407 137.2529 179.3385 123.9198 165.4800 102.6353 120.3687 133.4158 133.8485 166.0880 108.4298 129.4313 84.0190 123.7735 127.2532 133.6465 126.7748 128.8502 131.9434 193.4582 162.3689 206.6603 220.2313 253.4696 195.4894 72.4712 62.8943 79.4797 217.8475 213.6852 128.6602
21 52.4668 94.9633 97.6442 87.3087 80.2620 115.4494 81.5016 88.8828 90.2125 8.7632 4.9328 133.1489 110.1427 66.8280 49.0794 64.9671 109.1987 40.2600 68.9529 113.6356 15.6137 0.0000 18.0146 135.2617 178.4590 129.9632 167.5422 109.3249 118.8190 137.2483 133.6741 169.7847 110.6538 116.7946 71.5425 111.9168 114.4978 120.8781 114.3387 116.0200 119.1937 178.3859 146.7712 191.1160 205.9540 237.8848 180.3302 72.3487 68.0834 71.9435 202.2944 198.0718 124.4790
22 57.5691 96.5925 108.3463 83.2028 87.3306 110.8445 77.5303 102.9170 91.6705 10.3074 15.9079 148.9527 124.6964 73.3439 42.1801 81.1001 126.9721 57.1463 84.6481 129.5214 25.4407 18.0146 0.0000 152.9215 196.2812 147.2082 185.5450 126.3020 136.5946 155.0522 151.6194 187.6325 93.9634 104.5324 59.2315 98.5282 102.4352 108.8187 101.7696 104.0776 107.1081 171.8970 144.4856 187.6731 196.7768 234.9076 174.2315 55.0228 54.0525 54.7936 202.2086 196.2437 106.5165
23 127.8763 148.3602 96.6468 169.5618 118.6192 188.3146 166.0705 73.6038 147.4648 143.9298 138.7780 42.8995 61.6443 148.7285 173.3674 97.1164 26.4034 105.6943 74.8876 44.5724 137.2529 135.2617 152.9215 0.0000 44.1297 68.9281 49.4651 74.1343 17.0850 50.7494 15.9438 63.6568 245.2990 222.8281 186.8940 223.3894 220.0847 225.3721 222.0581 220.8395 224.0795 244.7787 197.2731 237.1254 283.5383 272.7014 244.1463 207.5901 200.1139 201.7903 224.4508 232.5341 257.1685
24 171.5833 189.2252 135.9182 212.1261 160.2747 229.3589 208.9151 115.3545 188.7999 187.0382 181.7594 73.6265 99.6580 184.6205 214.1309 133.9219 69.3367 146.4668 118.8907 83.6793 179.3385 178.4590 196.2812 44.1297 0.0000 85.4563 34.8238 99.7911 59.7221 64.2501 45.7322 52.1806 287.7419 266.1323 230.9213 267.0330 263.3860 268.5394 265.4831 264.0791 267.2892 283.1880 234.9828 272.3698 322.7691 304.4378 282.1757 250.6107 241.8755 245.8287 255.4662 265.7510 301.1027
25 148.9292 183.2722 141.8467 195.3162 153.4821 219.8191 190.4175 115.4491 180.6922 136.9065 131.3013 107.9226 115.3549 110.1463 150.1469 67.7041 61.3590 90.0824 101.5775 100.4422 123.9198 129.9632 147.2082 68.9281 85.4563 0.0000 55.1813 21.6488 61.0339 21.2938 53.3106 47.1015 227.4597 240.5217 197.6589 237.8945 237.9306 244.0210 238.7593 239.1420 242.4636 282.1198 238.2433 281.8622 317.4107 322.4934 282.4961 195.2432 180.2414 201.8646 276.4746 281.0140 252.5768
26 171.1287 195.9975 145.5510 215.1005 165.8186 235.5630 211.1421 121.3823 194.7054 175.6410 170.0942 90.7919 111.0586 161.9812 197.0274 113.9980 65.1553 131.1802 117.9539 93.9661 165.4800 167.5422 185.5450 49.4651 34.8238 55.1813 0.0000 73.2157 57.2176 35.7083 39.1686 17.8683 273.0947 266.4209 227.5301 265.8787 263.7029 269.3060 265.3060 264.6174 267.9144 293.4493 246.2785 286.5298 331.7520 322.0680 292.9604 237.9285 226.1968 238.1325 273.6932 281.9867 291.9839
27 132.1109 168.8273 131.6239 178.5049 139.8012 203.9320 173.3909 105.5923 165.8733 115.9950 110.4187 107.6083 109.4864 89.3948 128.5195 46.1629 58.7500 69.1771 88.5048 96.5407 102.6353 109.3249 126.3020 74.1343 99.7911 21.6488 73.2157 0.0000 61.8157 37.5086 60.3788 67.7209 205.8184 221.6976 178.1601 218.5941 219.1519 225.3267 219.7896 220.4287 223.7376 267.0307 224.5679 268.8724 301.2314 310.8983 267.6676 173.6811 158.5978 181.0624 266.0567 269.2604 231.2376
28 114.7988 138.8841 89.5979 158.0545 108.6448 178.3597 154.2164 64.5509 137.5161 127.4371 122.2143 46.9377 57.4860 132.0603 156.3111 80.4669 9.6225 88.6175 61.4288 41.0515 120.3687 118.8190 136.5946 17.0850 59.7221 61.0339 57.2176 61.8157 0.0000 46.7167 18.0548 67.9895 228.5558 210.1229 172.7572 210.1186 207.3903 212.8618 209.1663 208.2352 211.5111 236.7717 190.0722 231.3876 274.7504 268.9244 236.4279 191.0697 183.1896 186.3453 221.3965 228.1128 241.4706
29 148.7437 179.3708 133.8273 194.5142 149.0709 217.4654 189.9897 107.7209 177.2980 144.8916 139.2723 92.1658 103.8427 126.4647 163.0358 79.6659 49.9860 98.9451 97.8398 87.7143 133.4158 137.2483 155.0522 50.7494 64.2501 21.2938 35.7083 37.5086 46.7167 0.0000 34.8068 32.6735 239.7703 242.7269 201.5006 241.0506 240.0656 245.9625 241.2533 241.1473 244.4733 278.2917 232.8904 275.4422 314.9315 314.3469 278.3250 205.7520 192.6399 208.9200 267.3018 273.2148 261.4486
30 132.5586 156.8702 107.0216 176.0704 126.6623 196.3966 172.1949 82.3757 155.5436 142.1386 136.7646 58.0617 73.6556 140.0079 168.3990 88.7835 26.4616 100.7549 79.2181 56.6971 133.8485 133.6741 151.6194 15.9438 45.7322 53.3106 39.1686 60.3788 18.0548 34.8068 0.0000 50.6940 242.2781 227.9050 189.9963 227.7205 225.1767 230.6926 226.8956 226.0448 229.3282 254.5723 207.6705 248.5776 292.6901 285.3749 254.1690 205.5127 196.2341 202.5359 237.4906 244.8126 257.2879
31 178.5842 206.3091 157.5560 223.6256 175.9522 245.3328 219.3692 132.4606 204.6707 177.4969 171.8821 106.1562 124.2869 157.0339 195.2783 111.9360 74.5187 131.6184 126.2306 107.2624 166.0880 169.7847 187.6325 63.6568 52.1806 47.1015 17.8683 67.7209 67.9895 32.6735 50.6940 0.0000 272.2083 273.3640 232.9855 272.1436 270.6752 276.4551 272.0374 271.6875 275.0057 304.6090 258.0565 299.2396 342.2541 335.9540 304.3331 238.4066 225.0317 241.3214 287.9115 295.4777 294.0732
32 142.6695 168.7432 197.3349 142.4601 171.8127 161.4385 138.8836 195.8957 164.1917 101.8911 106.7612 242.8429 217.9227 123.0151 77.3699 160.3096 218.9908 142.1041 178.5799 223.4480 108.4298 110.6538 93.9634 245.2990 287.7419 227.4597 273.0947 205.8184 228.5558 239.7703 242.2781 272.2083 0.0000 120.7302 99.2123 109.7529 120.6840 124.6989 117.1062 122.4280 123.4450 203.9974 197.8359 231.5786 211.5977 276.9890 207.8764 39.6144 47.2270 67.0788 258.0599 245.9306 51.3226
33 95.3467 85.1738 136.5248 55.9223 108.2872 54.3211 57.9183 151.4912 83.2192 113.3145 117.8486 199.5062 170.5969 177.0172 135.1318 180.5151 201.4774 155.3611 148.7025 184.0605 129.4313 116.7946 104.5324 222.8281 266.1323 240.5217 266.4209 221.6976 210.1229 242.7269 227.9050 273.3640 120.7302 0.0000 45.4148 11.0400 2.7465 4.5307 3.6633 2.7115 2.9012 83.2723 85.1366 111.9537 96.2428 156.4354 87.1516 99.0719 121.8874 63.4012 142.2358 127.7345 82.3267
34 60.4565 71.5500 111.5867 43.3756 82.9318 63.7394 40.3021 120.0561 67.4577 67.9002 72.4571 169.6420 141.2258 132.1619 92.6861 135.8117 163.6159 110.6840 112.0308 152.2181 84.0190 71.5425 59.2315 186.8940 230.9213 197.6589 227.5301 178.1601 172.7572 201.5006 189.9963 232.9855 99.2123 45.4148 0.0000 40.5713 43.2432 49.6349 42.8288 44.8620 47.9294 117.3397 100.3761 138.6724 138.5044 185.7803 120.2974 66.6389 85.2121 32.1441 160.8249 150.6886 80.3214
35 95.5137 90.3404 139.9390 60.0656 111.2716 62.7818 61.0662 153.2578 87.8816 107.7544 112.5558 201.9587 173.0673 170.0944 126.9323 176.3717 201.2589 151.2508 148.7546 185.8664 123.7735 111.9168 98.5282 223.3894 267.0330 237.8945 265.8787 218.5941 210.1186 241.0506 227.7205 272.1436 109.7529 11.0400 40.5713 0.0000 11.5703 14.9725 7.5399 13.0725 13.6938 94.2467 95.1214 122.9497 105.8088 167.4709 98.1546 89.0364 112.2854 53.9875 152.8571 138.6021 71.6560
36 92.6192 82.6062 133.8357 53.2463 105.5730 52.3196 55.1945 148.7484 80.6022 111.1301 115.6161 196.7810 167.8707 175.0670 133.5265 178.0921 198.7511 152.9408 145.9717 181.3193 127.2532 114.4978 102.4352 220.0847 263.3860 237.9306 263.7029 219.1519 207.3903 240.0656 225.1767 270.6752 120.6840 2.7465 43.2432 11.5703 0.0000 6.3935 4.1843 1.8617 4.6969 83.4343 83.7551 111.5301 97.5348 156.3392 87.2319 98.2093 120.7938 62.3089 141.2915 127.0620 83.2186
37 98.1783 86.1153 138.0923 57.5053 110.0852 53.6221 59.8890 153.6720 84.3992 117.5235 122.0078 201.3832 172.4927 181.4054 139.6439 184.4076 204.2906 159.2593 151.4745 186.1927 133.6465 120.8781 108.8187 225.3721 268.5394 244.0210 269.3060 225.3267 212.8618 245.9625 230.6926 276.4551 124.6989 4.5307 49.6349 14.9725 6.3935 0.0000 8.0572 4.9065 1.7151 79.3213 83.1040 108.5504 91.7216 152.6770 83.2669 103.5092 126.3863 67.9055 139.4668 124.6148 85.3665
38 94.3690 85.9217 136.6846 56.2202 108.2723 56.3653 57.8618 151.0924 83.7754 110.6736 115.2816 199.3610 170.4468 174.0541 131.8592 178.2949 200.4495 153.1405 147.7379 183.6902 126.7748 114.3387 101.7696 222.0581 265.4831 238.7593 265.3060 219.7896 209.1663 241.2533 226.8956 272.0374 117.1062 3.6633 42.8288 7.5399 4.1843 8.0572 0.0000 5.5411 6.5253 86.9060 87.9388 115.4143 99.7434 160.0153 90.7705 95.4572 118.3390 59.8648 145.4036 131.0727 79.1088
39 93.5022 82.6214 134.1426 53.5250 105.9770 51.6120 55.6556 149.3327 80.7208 112.7248 117.1814 197.2323 168.3281 176.7697 135.3311 179.5065 199.6307 154.3591 146.8300 181.8841 128.8502 116.0200 104.0776 220.8395 264.0791 239.1420 264.6174 220.4287 208.2352 241.1473 226.0448 271.6875 122.4280 2.7115 44.8620 13.0725 1.8617 4.9065 5.5411 0.0000 3.3273 81.6522 82.5794 109.9075 95.6907 154.6203 85.4671 100.0678 122.6545 64.1702 139.8819 125.5326 84.6367
40 96.7936 85.3265 137.1024 56.4898 109.0167 53.4126 58.7514 152.4871 83.5287 115.8210 120.3120 200.2971 171.3990 179.6904 137.9518 182.7595 202.9181 157.6097 150.1116 185.0249 131.9434 119.1937 107.1081 224.0795 267.2892 242.4636 267.9144 223.7376 211.5111 244.4733 229.3282 275.0057 123.4450 2.9012 47.9294 13.6938 4.6969 1.7151 6.5253 3.3273 0.0000 80.5533 83.4439 109.5061 93.3522 153.8113 84.4634 101.9679 124.7876 66.3005 140.1327 125.4383 84.5520
41 136.1455 98.9942 148.1423 91.6820 129.2233 64.0078 97.4171 172.2226 101.4277 178.1426 181.1585 209.8674 183.8913 244.5205 209.5150 233.8765 230.1707 210.1598 180.8546 200.5891 193.4582 178.3859 171.8970 244.7787 283.1880 282.1198 293.4493 267.0307 236.7717 278.2917 254.5723 304.6090 203.9974 83.2723 117.3397 94.2467 83.4343 79.3213 86.9060 81.6522 80.5533 0.0000 48.4855 35.0780 40.7259 73.8241 4.6019 180.4440 201.6496 143.9955 73.2874 54.1244 162.9595
42 98.2165 56.1989 100.7276 61.6352 84.8522 36.6545 67.1211 125.6691 59.8424 148.5507 150.3929 161.5383 136.0046 213.5201 185.4991 195.3497 183.9494 173.1604 136.6909 152.8605 162.3689 146.7712 144.4856 197.2731 234.9828 238.2433 246.2785 224.5679 190.0722 232.8904 207.6705 258.0565 197.8359 85.1366 100.3761 95.1214 83.7551 83.1040 87.9388 82.5794 83.4439 48.4855 0.0000 45.1415 88.9419 91.1575 47.2059 167.0116 184.3666 131.7967 60.4655 51.7828 166.3947
43 143.3205 101.2138 141.8647 104.4995 129.0986 76.9968 110.2248 167.7324 104.9600 192.4044 194.5568 198.8313 175.4828 257.9423 227.7852 240.4613 225.9112 218.2915 180.5865 192.5683 206.6603 191.1160 187.6731 237.1254 272.3698 281.8622 286.5298 268.8724 231.3876 275.4422 248.5776 299.2396 231.5786 111.9537 138.6724 122.9497 111.5301 108.5504 115.4143 109.9075 109.5061 35.0780 45.1415 0.0000 67.5694 47.3702 30.5304 204.4999 223.8646 168.2334 38.8444 19.1562 193.7609
44 169.1634 135.9455 187.1457 122.9410 166.3049 97.6204 128.2898 210.3727 137.6982 204.3167 208.0540 249.7202 223.2091 270.1190 230.6973 265.3101 267.7382 240.8083 217.1038 239.6929 220.2313 205.9540 196.7768 283.5383 322.7691 317.4107 331.7520 301.2314 274.7504 314.9315 292.6901 342.2541 211.5977 96.2428 138.5044 105.8088 97.5348 91.7216 99.7434 95.6907 93.3522 40.7259 88.9419 67.5694 0.0000 87.2855 43.0595 194.8047 218.0418 159.5994 105.6614 85.6728 164.8302
45 188.9972 146.0338 180.7883 151.7053 172.1072 124.3501 157.3964 207.1586 150.1379 239.4391 241.4412 232.0936 211.7228 304.6634 275.1462 285.0598 264.3883 263.6327 222.4135 228.7000 253.4696 237.8848 234.9076 272.7014 304.4378 322.4934 322.0680 310.8983 268.9244 314.3469 285.3749 335.9540 276.9890 156.4354 185.7803 167.4709 156.3392 152.6770 160.0153 154.6203 153.8113 73.8241 91.1575 47.3702 87.2855 0.0000 69.6063 251.2236 270.9920 214.8312 49.0770 41.6575 236.7826
46 137.2433 99.2384 147.5036 93.3359 129.3217 65.4186 99.1062 171.8844 101.8658 180.2883 183.1957 208.7441 183.0663 246.6409 212.2261 235.0969 229.9660 211.5513 181.0902 199.8462 195.4894 180.3302 174.2315 244.1463 282.1757 282.4961 292.9604 267.6676 236.4279 278.3250 254.1690 304.3331 207.8764 87.1516 120.2974 98.1546 87.2319 83.2669 90.7705 85.4671 84.4634 4.6019 47.2059 30.5304 43.0595 69.6063 0.0000 183.8674 204.8587 147.3980 68.8783 49.6132 167.1990
47 103.4824 132.2235 157.9585 108.2199 132.9550 130.3782 103.9668 156.3137 127.4987 63.6605 68.8591 203.5141 178.3599 98.7882 49.9496 127.5393 181.4578 106.9053 139.3493 184.1767 72.4712 72.3487 55.0228 207.5901 250.6107 195.2432 237.9285 173.6811 191.0697 205.7520 205.5127 238.4066 39.6144 99.0719 66.6389 89.0364 98.2093 103.5092 95.4572 100.0678 101.9679 180.4440 167.0116 204.4999 194.8047 251.2236 183.8674 0.0000 24.7465 36.4773 227.4501 217.1537 59.8633
48 109.8904 144.2537 162.2546 123.6719 139.9436 148.1011 118.8023 156.5394 139.3597 59.5763 63.5929 201.1569 178.0673 77.7231 30.2841 113.1092 173.7156 95.5988 137.0318 181.6350 62.8943 68.0834 54.0525 200.1139 241.8755 180.2414 226.1968 158.5978 183.1896 192.6399 196.2341 225.0317 47.2270 121.8874 85.2121 112.2854 120.7938 126.3863 118.3390 122.6545 124.7876 201.6496 184.3666 223.8646 218.0418 270.9920 204.8587 24.7465 0.0000 58.4917 244.4148 235.4359 82.1264
49 82.7145 102.4670 137.0285 75.4014 109.4796 95.1717 71.9692 141.0263 98.0933 65.0898 70.6474 190.3153 162.9821 119.9846 74.1556 135.8512 176.8311 111.8862 128.5399 171.7885 79.4797 71.9435 54.7936 201.7903 245.8287 201.8646 238.1325 181.0624 186.3453 208.9200 202.5359 241.3214 67.0788 63.4012 32.1441 53.9875 62.3089 67.9055 59.8648 64.1702 66.3005 143.9955 131.7967 168.2334 159.5994 214.8312 147.3980 36.4773 58.4917 0.0000 192.2444 181.2764 55.8224
50 150.9053 107.5175 134.7095 120.9201 129.9049 97.1197 126.0811 161.0711 112.1603 205.1737 206.3330 183.4029 163.9669 268.1416 243.9295 243.5159 217.3256 223.6336 178.0568 180.8034 217.8475 202.2944 202.2086 224.4508 255.4662 276.4746 273.6932 266.0567 221.3965 267.3018 237.4906 287.9115 258.0599 142.2358 160.8249 152.8571 141.2915 139.4668 145.4036 139.8819 140.1327 73.2874 60.4655 38.8444 105.6614 49.0770 68.8783 227.4501 244.4148 192.2444 0.0000 20.0021 224.5095
51 148.2186 104.9636 139.4730 113.3894 130.5028 87.3506 118.9004 165.7946 109.2221 200.1390 201.8184 192.7235 171.1968 264.6499 237.2700 243.6459 223.3142 222.5160 180.7677 188.2524 213.6852 198.0718 196.2437 232.5341 265.7510 281.0140 281.9867 269.2604 228.1128 273.2148 244.8126 295.4777 245.9306 127.7345 150.6886 138.6021 127.0620 124.6148 131.0727 125.5326 125.4383 54.1244 51.7828 19.1562 85.6728 41.6575 49.6132 217.1537 235.4359 181.2764 20.0021 0.0000 209.9793
52 137.7296 150.8792 191.1618 120.8719 162.8618 132.2679 119.1563 196.6314 147.1227 116.5868 122.1957 246.0358 218.4938 158.6005 109.7749 185.1657 231.9031 162.8139 184.3213 227.5855 128.6602 124.4790 106.5165 257.1685 301.1027 252.5768 291.9839 231.2376 241.4706 261.4486 257.2879 294.0732 51.3226 82.3267 80.3214 71.6560 83.2186 85.3665 79.1088 84.6367 84.5520 162.9595 166.3947 193.7609 164.8302 236.7826 167.1990 59.8633 82.1264 55.8224 224.5095 209.9793 0.0000
;

end;