# Archivo de datos para el modelo de Enrutamiento de Vehículos (N=76 Clientes)

param N := 76;
param K := 9;
param T := 5;

param Q :=
1 5000
2 5000
3 5000
4 10000
5 10000
6 10000
7 15000
8 15000
9 15000
;

# Demands
# Note i = 0 is the depot
param w :=
0 0
1 464
2 475
3 514
4 514
5 514
6 461
7 606
8 382
9 745
10 183
11 502
12 408
13 408
14 408
15 408
16 408
17 408
18 464
19 464
20 464
21 475
22 475
23 514
24 514
25 514
26 514
27 514
28 514
29 461
30 461
31 461
32 461
33 606
34 606
35 826
36 826
37 382
38 624
39 624
40 624
41 195
42 195
43 195
44 195
45 297
46 426
47 426
48 426
49 426
50 426
51 745
52 745
53 745
54 745
55 745
56 745
57 745
58 745
59 745
60 955
61 955
62 955
63 955
64 183
65 183
66 183
67 221
68 2428
69 2428
70 2428
71 1916
72 265
73 265
74 265
75 265
76 265
;

param W :=
0 0
1 1546
2 1583
3 1713
4 1713
5 1713
6 1536
7 2021
8 1274
9 2483
10 609
11 1672
12 1361
13 1361
14 1361
15 1361
16 1361
17 1361
18 1546
19 1546
20 1546
21 1583
22 1583
23 1713
24 1713
25 1713
26 1713
27 1713
28 1713
29 1536
30 1536
31 1536
32 1536
33 2021
34 2021
35 2753
36 2753
37 1274
38 2080
39 2080
40 2080
41 651
42 651
43 651
44 651
45 990
46 1420
47 1420
48 1420
49 1420
50 1420
51 2483
52 2483
53 2483
54 2483
55 2483
56 2483
57 2483
58 2483
59 2483
60 3182
61 3182
62 3182
63 3182
64 609
65 609
66 609
67 736
68 8095
69 8095
70 8095
71 6385
72 883
73 883
74 883
75 883
76 883
;

param serv :=
0 0
1 33
2 33
3 33
4 33
5 33
6 33
7 34
8 32
9 35
10 31
11 33
12 32
13 32
14 32
15 32
16 32
17 32
18 33
19 33
20 33
21 33
22 33
23 33
24 33
25 33
26 33
27 33
28 33
29 33
30 33
31 33
32 33
33 34
34 34
35 35
36 35
37 32
38 34
39 34
40 34
41 31
42 31
43 31
44 31
45 32
46 32
47 32
48 32
49 32
50 32
51 35
52 35
53 35
54 35
55 35
56 35
57 35
58 35
59 35
60 36
61 36
62 36
63 36
64 31
65 31
66 31
67 31
68 47
69 47
70 47
71 43
72 31
73 31
74 31
75 31
76 31
;

param early :=
0 0
1 480
2 480
3 480
4 480
5 480
6 480
7 480
8 480
9 480
10 480
11 480
12 0
13 480
14 480
15 480
16 480
17 480
18 0
19 480
20 480
21 480
22 480
23 0
24 480
25 480
26 480
27 480
28 480
29 0
30 480
31 480
32 480
33 480
34 420
35 0
36 480
37 480
38 0
39 480
40 480
41 480
42 480
43 480
44 480
45 480
46 0
47 480
48 480
49 480
50 480
51 480
52 480
53 480
54 480
55 480
56 480
57 480
58 480
59 0
60 480
61 480
62 480
63 0
64 480
65 480
66 480
67 480
68 480
69 480
70 480
71 450
72 480
73 480
74 480
75 480
76 480
;

param late :=
0 1440
1 930
2 1200
3 1200
4 960
5 1200
6 1200
7 930
8 960
9 1200
10 1200
11 960
12 1439
13 960
14 960
15 960
16 930
17 930
18 1439
19 930
20 930
21 930
22 930
23 1439
24 930
25 930
26 960
27 960
28 930
29 1439
30 930
31 960
32 930
33 960
34 960
35 1439
36 930
37 930
38 1439
39 1200
40 930
41 930
42 930
43 930
44 930
45 1200
46 1439
47 930
48 930
49 930
50 930
51 930
52 930
53 930
54 930
55 930
56 930
57 930
58 960
59 1439
60 960
61 960
62 930
63 1439
64 930
65 930
66 960
67 960
68 960
69 960
70 960
71 960
72 930
73 960
74 930
75 930
76 930
;

param duedate :=
0 5
1 5
2 5
3 5
4 5
5 5
6 5
7 5
8 5
9 5
10 5
11 5
12 5
13 5
14 5
15 5
16 5
17 5
18 5
19 5
20 5
21 5
22 5
23 5
24 5
25 5
26 5
27 5
28 5
29 5
30 5
31 5
32 5
33 5
34 5
35 5
36 5
37 5
38 5
39 5
40 5
41 5
42 5
43 5
44 5
45 5
46 5
47 5
48 5
49 5
50 5
51 5
52 5
53 5
54 5
55 5
56 5
57 5
58 5
59 5
60 5
61 5
62 5
63 5
64 5
65 5
66 5
67 5
68 5
69 5
70 5
71 5
72 5
73 5
74 5
75 5
76 5
;

# Matriz de Tiempo / Distancias (c[i,j])
# La matriz es de 77x77 (nodos 0 a 76)
param c :
0 1 2 3 4 5 6 7 8 9 10 11 12 13 14 15 16 17 18 19 20 21 22 23 24 25 26 27 28 29 30 31 32 33 34 35 36 37 38 39 40 41 42 43 44 45 46 47 48 49 50 51 52 53 54 55 56 57 58 59 60 61 62 63 64 65 66 67 68 69 70 71 72 73 74 75 76 :=
0 0.0000 33.2947 65.1218 66.6307 24.3578 71.1920 72.8895 55.5343 139.9307 33.4977 19.0281 128.5735 132.1133 110.5152 119.3257 148.3651 110.7019 113.5520 50.5331 27.1115 52.0103 81.0173 52.7999 65.0877 41.1319 84.7907 59.7708 99.3727 51.4304 70.7498 36.2087 43.2784 64.1476 61.9277 57.7503 82.7903 100.8141 145.2161 91.2848 94.0451 113.7992 104.9677 87.3542 85.0172 69.6405 116.2671 62.0946 68.2486 35.5472 74.4875 60.5366 33.2503 36.3103 14.3461 47.9910 6.5725 28.3894 66.1090 54.6003 33.4095 161.0814 115.9984 150.4693 74.8329 21.9934 14.9781 13.6645 164.5588 94.6130 84.3220 79.3290 87.2172 88.9447 48.8218 76.3256 72.5121 84.5687
1 33.2947 0.0000 76.9413 43.4934 20.8584 46.3397 86.6498 82.3613 120.4675 65.1421 25.6670 158.9702 157.9998 137.0925 148.6155 174.8452 133.9084 137.5298 19.4574 6.5041 18.7187 89.4398 70.6930 43.6330 26.1626 67.4930 47.0305 69.1187 44.4603 85.7590 57.8908 61.7026 85.4588 87.9953 77.5516 51.3845 67.7482 120.1123 73.7103 74.8002 88.2708 77.9327 58.8577 60.0428 44.0393 83.6516 62.2188 78.7428 48.0141 73.9044 62.9953 63.8678 69.3221 47.6123 80.3665 36.5092 57.0191 98.9417 87.8204 64.5783 162.0479 121.0062 138.0033 74.1361 20.3993 29.1146 32.3568 182.9921 122.1711 113.3469 108.2447 117.8695 114.5128 74.6163 99.1830 100.6456 105.0284
2 65.1218 76.9413 0.0000 120.3925 84.4050 123.2413 135.8159 39.2662 109.0150 54.6000 54.0886 162.2696 178.1784 156.8016 157.8167 192.1366 162.9048 164.3687 78.8217 72.1423 88.2137 16.7172 16.4676 120.2999 99.2442 143.4929 120.4215 142.0024 114.1041 133.1892 98.1016 106.0891 122.6976 38.5329 19.1247 98.3806 121.9653 127.1437 68.8825 74.0738 102.6851 100.2025 92.0654 81.6016 75.0921 131.0153 126.9244 132.5081 100.5453 139.3939 125.5836 50.5232 76.0862 65.8866 87.3343 70.7804 45.9442 96.0957 82.9932 52.5784 98.2495 51.9653 104.5948 27.9526 57.7509 79.2441 52.8600 106.5782 64.6534 63.2232 59.2949 124.9621 139.2767 104.6040 131.9393 119.9870 142.0760
3 66.6307 43.4934 120.3925 0.0000 42.3733 5.6058 78.6300 121.6048 147.4500 99.8552 67.5693 170.7604 160.0339 141.7764 158.1835 177.1548 132.9287 137.5430 49.1113 48.3870 38.2818 132.8425 113.2629 3.7170 25.8915 25.7767 20.0347 38.4265 28.9051 79.6191 69.0404 67.4132 88.0640 127.7656 119.7667 64.3798 65.6692 138.7078 106.4994 105.8053 109.0087 97.1403 78.4178 85.9556 72.6915 82.8894 44.4106 68.4492 53.9535 50.5985 47.9536 99.8690 95.8578 78.3258 103.3267 65.8032 94.6861 122.0914 114.2185 99.9380 202.9753 163.6455 171.3169 116.2714 63.0309 53.6281 72.1745 226.1194 161.0985 150.9527 145.9569 132.6807 119.3727 86.0799 101.6087 111.6873 102.9728
4 24.3578 20.8584 84.4050 42.3733 0.0000 47.0983 66.0745 79.7702 140.8269 57.4862 30.5944 140.4001 137.6508 116.9846 129.4585 154.5888 113.2026 116.9071 40.0869 18.8284 36.5060 99.0170 74.4033 40.7385 16.7795 60.9329 36.4527 76.6372 29.7571 65.0469 37.6921 40.9458 64.7444 86.0889 80.1847 71.1548 85.0470 140.9691 93.4021 94.8820 109.1289 98.7405 79.5619 80.8595 64.8380 101.7594 44.7495 58.5854 27.1603 57.0912 44.6480 57.5302 55.4291 36.2009 64.7873 23.6220 52.6665 83.7756 74.1851 57.5681 175.9910 132.7503 156.8059 87.8003 28.3503 11.9278 32.2196 187.3032 118.9690 108.6297 103.6536 99.7833 94.2742 54.9497 78.5597 81.3571 84.1913
5 71.1920 46.3397 123.2413 5.6058 47.0983 0.0000 83.8319 125.8309 145.8818 104.5537 71.0689 176.3495 165.4063 147.2573 163.7507 182.5153 138.2326 142.8771 49.8295 51.6341 38.8762 135.2498 116.6988 9.0743 30.9104 26.3354 25.2362 32.8267 34.4392 84.9049 74.6175 73.0185 93.5964 131.9171 123.3368 62.1922 61.7450 136.0905 106.1320 105.1587 106.8972 94.9829 76.6368 84.8470 72.2509 78.7819 49.4512 73.6147 59.5417 54.9732 53.1121 104.4399 101.0968 83.2125 108.7404 70.6542 99.0427 127.5399 119.5245 104.5747 204.0039 165.4290 170.6570 117.9380 66.3136 58.5593 76.0908 229.3068 165.4430 155.4715 150.4536 138.2842 124.8900 91.6805 107.1027 117.2912 108.3188
6 72.8895 86.6498 135.8159 78.6300 66.0745 83.8319 0.0000 112.9475 206.8973 86.5983 90.2696 99.1158 82.1804 65.9196 85.2484 99.1411 54.6279 59.4434 105.0995 84.7903 98.8771 152.3349 121.1828 74.9248 65.8106 72.9182 58.6130 115.4603 50.8168 3.6184 37.7149 29.8335 21.1570 119.3139 123.9662 133.5738 141.8652 206.1372 159.2512 160.9014 174.4259 163.5702 144.0829 146.6048 130.6497 159.3255 34.5837 10.2817 39.5066 34.2901 30.7297 89.7248 67.3712 69.9872 63.7759 66.4623 91.1914 75.2587 76.5511 88.1890 233.3953 187.6434 221.6646 147.7151 90.7475 62.5766 86.5394 224.1904 142.8953 130.1372 126.4576 69.0579 45.6560 36.6075 28.5382 47.6517 25.4182
7 55.5343 82.3613 39.2662 121.6048 79.7702 125.8309 112.9475 0.0000 146.8985 26.6450 56.8938 123.7547 142.2660 121.4888 120.2369 155.2836 129.9500 130.6920 92.7305 76.0248 99.0051 53.4455 24.7195 120.3240 96.5321 140.2804 115.1404 151.4722 106.2547 109.7694 77.1564 85.3141 95.9652 6.6305 20.1490 120.1982 142.4419 162.4765 103.2563 108.0202 135.2314 130.4463 118.1582 110.1854 99.3800 154.7491 113.8566 112.3344 85.0991 125.5328 111.3121 24.2887 46.2583 47.5644 54.5237 58.2211 27.1474 58.9986 46.8945 25.3500 131.2653 85.1777 143.8530 65.9399 62.4777 70.0895 50.1902 112.0548 39.8292 31.6600 26.6123 88.1540 106.3312 77.5919 102.3835 86.8670 113.2850
8 139.9307 120.4675 109.0150 147.4500 140.8269 145.8818 206.8973 146.8985 0.0000 152.5967 120.9120 263.7879 271.7674 250.0465 256.5929 287.6912 250.5345 253.4729 103.3006 122.1313 112.0136 100.5530 122.1850 150.0733 144.3966 172.1789 161.5445 139.2491 162.7508 205.7761 174.6000 180.1171 203.0522 147.2675 127.4591 84.1731 95.4011 30.1215 48.6488 46.1748 40.8173 52.3167 69.2903 62.0068 77.1573 87.7164 181.4917 199.2057 167.6414 192.2178 182.8453 148.7506 169.9769 150.5548 182.7667 146.2266 141.0816 196.9054 183.3721 150.7394 98.2347 94.6030 35.7399 81.2027 118.4971 145.5855 127.7537 176.7404 171.7367 172.0030 168.2515 223.3615 228.8353 188.7337 215.9201 211.7619 223.3350
9 33.4977 65.1421 54.6000 99.8552 57.4862 104.5537 86.5983 26.6450 152.5967 0.0000 42.4195 111.3856 124.0181 102.4742 105.1998 138.5050 108.3430 109.7687 79.6101 58.6510 83.4204 71.0927 38.2433 98.1076 74.0876 116.3717 91.0484 132.7663 81.5459 83.4979 50.5116 58.6739 70.4731 33.2069 38.8507 110.3878 130.6640 163.6075 105.4170 109.4223 133.8475 126.9674 111.7102 106.2906 92.8302 144.8950 87.7449 85.7164 58.9254 99.2099 85.0293 4.1334 21.6643 22.2323 32.8087 34.2569 11.6155 44.3445 30.7905 2.0347 152.1662 105.6306 155.5599 75.6780 47.9085 46.5271 33.9811 138.6830 62.6183 51.4963 46.6524 71.8926 84.6917 52.0217 78.2349 65.3875 88.7931
10 19.0281 25.6670 54.0886 67.5693 30.5944 71.0689 90.2696 56.8938 120.9120 42.4195 0.0000 146.2545 151.0228 129.3775 137.5331 167.1808 129.7241 132.5790 37.2893 19.6055 42.2666 68.4306 45.6938 67.0429 45.1919 89.6443 66.3342 94.7208 60.3422 88.4090 54.6819 61.2289 82.9198 62.3990 52.2685 68.0948 88.2962 126.8020 72.2639 75.0827 95.6467 87.3512 70.6088 67.0332 52.2020 102.5081 74.6148 84.6400 51.3758 87.0932 73.9276 40.3347 52.3641 30.7938 64.8350 25.4249 32.7244 81.8713 69.3191 41.4400 146.0275 102.2602 131.9037 58.2859 5.6739 28.1267 8.5882 158.6589 96.6389 88.1617 83.0562 104.9720 107.9369 67.8499 95.2956 91.2447 103.3426
11 128.5735 158.9702 162.2696 170.7604 140.4001 176.3495 99.1158 123.7547 263.7879 111.3856 146.2545 0.0000 37.2545 35.9989 14.2827 39.2645 54.1823 49.5562 177.9760 153.8790 176.6573 177.1821 146.1934 167.3350 149.8753 170.8955 152.1189 209.1671 142.0172 96.4986 103.6476 103.5841 83.4080 126.6030 143.5383 210.2893 225.4412 272.8353 216.0085 219.6547 241.8889 233.4593 215.8952 213.2758 198.1530 242.1133 131.0358 108.5238 117.8283 133.2967 126.7008 115.3497 94.3495 115.4640 81.6062 123.5047 122.7823 67.0789 80.6350 113.3056 252.8646 207.9310 266.1763 186.4499 150.3023 130.0026 138.2196 205.3317 125.4541 115.1975 115.3354 41.3564 53.4757 85.9698 71.1479 59.5006 74.6010
12 132.1133 157.9998 178.1784 160.0339 137.6508 165.4063 82.1804 142.2660 271.7674 124.0181 151.0228 37.2545 0.0000 21.7842 27.8776 17.1609 27.7864 22.7781 177.4568 154.0118 173.8865 194.2419 161.7115 156.3772 143.2526 154.7371 140.2129 197.4810 131.3811 80.6674 100.1097 97.0974 73.5436 146.4464 160.6492 208.7746 220.5989 276.8465 223.1551 226.1022 245.1411 235.5048 216.7671 216.3428 200.5122 237.8852 116.6704 92.4423 111.6703 115.5433 112.6562 128.1515 103.5503 121.2988 91.3099 126.0540 134.3089 83.3444 95.5795 126.0511 273.5224 227.3899 278.8497 199.2730 153.9765 129.2575 144.0145 235.2525 152.4809 140.8905 139.9289 54.3200 43.5327 83.8695 59.5191 60.0964 57.1143
13 110.5152 137.0925 156.8016 141.7764 116.9846 147.2573 65.9196 121.4888 250.0465 102.4742 129.3775 35.9989 21.7842 0.0000 21.8247 37.9042 18.7919 15.0160 156.5396 132.9040 153.3956 172.9779 140.3364 138.1848 123.5633 138.7746 122.2811 179.7517 112.9015 63.7986 79.3060 76.9469 53.9867 125.9308 139.5087 188.1322 200.7467 255.4503 201.4497 204.4402 223.8009 214.3109 195.7168 194.9845 179.2148 217.9192 99.5838 75.8945 91.6007 100.1377 95.3846 106.6051 81.8382 99.5416 69.7013 104.5247 112.6377 62.9416 74.6229 104.5087 252.7182 206.4419 257.1001 177.5754 132.4276 108.1740 122.2947 217.9567 134.3084 122.2831 120.9043 34.6732 22.8272 62.6169 40.1863 38.3226 40.5724
14 119.3257 148.6155 157.8167 158.1835 129.4585 163.7507 85.2484 120.2369 256.5929 105.1998 137.5331 14.2827 27.8776 21.8247 0.0000 35.8568 40.2972 35.8864 167.8402 143.8024 165.9081 173.2954 141.4864 154.7014 138.0595 157.4142 139.2507 196.5190 129.3326 82.7329 92.1712 91.4329 70.3432 123.7406 139.5117 199.9994 214.3291 264.3352 208.4022 211.8217 233.0812 224.2599 206.2970 204.3297 188.9379 231.1948 117.6709 94.8086 105.8923 119.5010 113.3614 109.2735 86.6160 106.8277 73.8290 113.9066 116.2723 61.7221 74.9797 107.1858 250.8264 205.2311 260.7213 180.8311 141.2595 119.5140 129.7768 208.3837 126.4845 115.3799 114.8852 33.3451 39.7494 74.5828 57.6139 48.1016 60.5052
15 148.3651 174.8452 192.1366 177.1548 154.5888 182.5153 99.1411 155.2836 287.6912 138.5050 167.1808 39.2645 17.1609 37.9042 35.8568 0.0000 44.5503 39.7042 194.3012 170.7475 190.8892 207.9339 175.7044 173.4933 160.3874 171.4822 157.3100 214.5276 148.5262 97.7131 116.9789 114.1496 90.6589 159.0625 174.1913 225.7362 237.7280 293.3534 239.1408 242.2042 261.7044 252.1899 233.5453 232.8886 217.1134 255.0023 133.6804 109.4165 128.7458 132.2412 129.6969 142.6304 118.6044 137.1364 106.1004 142.4100 149.1267 96.3472 109.1654 140.5274 286.2524 240.4361 293.8583 214.0828 170.3000 146.0027 159.9850 243.6410 162.2566 151.2288 150.7364 67.2394 60.3364 100.4897 76.6368 75.9626 74.2004
16 110.7019 133.9084 162.9048 132.9287 113.2026 138.2326 54.6279 129.9500 250.5345 108.3430 129.7241 54.1823 27.7864 18.7919 40.2972 44.5503 0.0000 5.1933 153.2773 130.4509 148.8969 179.4356 146.5861 129.2471 117.3358 126.9797 113.0000 170.0739 104.5039 53.3307 76.4398 72.2603 48.4591 134.9925 146.6769 183.9159 194.5934 253.7201 201.9199 204.4861 221.8882 211.8145 192.7473 193.2450 177.2653 211.9749 89.1993 64.9090 86.4959 87.7678 85.2650 112.3929 86.8298 101.5394 75.9372 104.3320 117.4533 73.5681 83.4682 110.3531 260.3010 213.7876 260.1437 181.5647 132.0576 105.8538 123.4406 231.1918 147.0578 134.6192 132.6944 48.2580 23.6999 61.9055 34.8211 43.1746 30.0737
17 113.5520 137.5298 164.3687 137.5430 116.9071 142.8771 59.4434 130.6920 253.4729 109.7687 132.5790 49.5562 22.7781 15.0160 35.8864 39.7042 5.1933 0.0000 156.9396 133.9175 152.7941 180.8202 147.9874 133.8712 121.5068 131.9613 117.6564 174.8284 109.0161 58.0219 79.8416 76.0170 52.2203 135.5637 147.8216 187.7917 198.8249 257.1423 204.8325 207.4963 225.3322 215.3721 196.3873 196.6337 180.6845 216.1798 93.9763 69.7158 90.3903 92.7781 89.9989 113.8516 88.4131 103.9367 77.1301 107.2512 119.1841 73.4694 83.9605 111.7910 261.4215 214.9502 262.4810 183.6095 135.0786 109.2424 126.0978 230.4506 146.4374 134.1294 132.3895 46.9970 25.2428 64.7393 38.3513 44.3839 34.5756
18 50.5331 19.4574 78.8217 49.1113 40.0869 49.8295 105.0995 92.7305 103.3006 79.6101 37.2893 177.9760 177.4568 156.5396 167.8402 194.3012 153.2773 156.9396 0.0000 24.0976 10.9568 88.4012 76.5773 50.6770 41.0967 74.8533 59.2042 63.2389 59.4866 104.4256 77.3473 81.0293 104.8184 97.6220 83.9635 32.3782 51.0576 101.1148 58.5969 58.7479 69.3429 58.7106 39.4751 41.7446 26.1434 65.8423 78.1912 96.7243 67.1084 89.0487 79.6066 77.6222 86.8266 64.7618 98.4337 54.7480 69.9683 116.6384 104.8926 78.6972 154.1805 116.4555 123.6569 68.9493 31.7148 48.4614 45.6296 185.1927 131.8447 124.3555 119.2751 136.7550 133.9697 94.0290 118.5887 119.9534 124.2408
19 27.1115 6.5041 72.1423 48.3870 18.8284 51.6341 84.7903 76.0248 122.1313 58.6510 19.6055 153.8790 154.0118 132.9040 143.8024 170.7475 130.4509 133.9175 24.0976 0.0000 24.9968 85.2662 65.0768 48.1635 28.3348 71.5177 49.7199 75.4540 45.7873 83.6470 54.0798 58.5641 82.1191 81.7259 71.7937 56.4494 73.7181 123.2718 74.5767 76.1125 91.4374 81.5124 62.8178 62.8418 46.8320 89.3466 62.6149 77.4129 45.5377 74.6698 62.9422 57.3637 63.3220 41.4572 74.6085 30.7767 50.5363 93.0395 81.7089 58.0774 159.5329 117.6102 138.0951 71.3153 14.6802 24.7544 25.9264 177.7491 115.8490 106.9213 101.8212 112.6604 110.4802 70.2964 95.6414 95.9982 102.0087
20 52.0103 18.7187 88.2137 38.2818 36.5060 38.8762 98.8771 99.0051 112.0136 83.4204 42.2666 176.6573 173.8865 153.3956 165.9081 190.8892 148.8969 152.7941 10.9568 24.9968 0.0000 98.5409 84.6746 40.0038 33.3799 64.0534 49.6073 53.9942 51.1112 98.5247 74.1641 76.8342 100.5829 104.2791 91.9141 35.0257 49.2158 107.6209 68.6862 68.4400 76.2282 64.9811 45.4329 50.0219 35.3160 65.4911 70.0347 89.9965 62.4093 80.3050 71.8584 81.9051 88.0035 66.3311 98.8960 55.1039 74.7110 117.5599 106.5323 82.7436 165.1371 127.2134 133.7266 79.6795 36.6106 46.7197 49.9262 194.7730 138.5834 130.4019 125.2977 135.7720 130.6363 91.4496 114.5402 117.8144 119.3653
21 81.0173 89.4398 16.7172 132.8425 99.0170 135.2498 152.3349 53.4455 100.5530 71.0927 68.4306 177.1821 194.2419 172.9779 173.2954 207.9339 179.4356 180.8202 88.4012 85.2662 98.5409 0.0000 32.8496 133.0723 113.1024 156.7591 134.4714 151.4302 128.7711 149.7508 114.6243 122.5613 139.4060 51.3000 33.7840 103.5049 127.0798 121.7158 66.2470 71.6095 100.4584 99.9326 94.9669 83.3016 79.9180 134.1793 142.3605 148.8135 116.5515 154.8579 141.2129 67.0495 92.6606 82.4855 103.7145 86.8787 62.6549 111.6621 98.7915 69.0832 81.5333 35.3224 91.7178 24.5582 71.4241 94.7430 68.2714 97.7959 71.2484 72.6026 69.4254 140.6977 155.7807 121.3212 148.6392 136.4384 158.7917
22 52.7999 70.6930 16.4676 113.2629 74.4033 116.6988 121.1828 24.7195 122.1850 38.2433 45.6938 146.1934 161.7115 140.3364 141.4864 175.7044 146.5861 147.9874 76.5773 65.0768 84.6746 32.8496 0.0000 112.7026 90.2767 134.9182 110.8512 138.5746 103.5600 118.4153 83.5783 91.7013 107.1867 25.9313 7.5044 100.6050 123.6943 138.0714 78.9243 83.8062 111.5118 107.4657 96.6771 87.6565 78.4158 134.5678 114.8574 118.5045 87.4535 127.2000 113.1417 34.2031 59.8242 51.2730 70.9097 57.8018 30.2759 79.7690 66.5914 36.2338 114.1081 67.6164 120.1755 41.3594 50.4117 67.5687 42.1841 113.0932 57.4035 53.0310 48.4671 108.5579 122.9332 88.9336 115.9934 103.6036 126.2830
23 65.0877 43.6330 120.2999 3.7170 40.7385 9.0743 74.9248 120.3240 150.0733 98.1076 67.0429 167.3350 156.3772 138.1848 154.7014 173.4933 129.2471 133.8712 50.6770 48.1635 40.0038 133.0723 112.7026 0.0000 24.0221 24.3384 16.3216 41.8338 25.3753 75.9309 65.9585 64.1034 84.5268 126.5516 119.0851 67.3621 69.2376 141.8029 108.5339 107.9919 111.9053 100.0665 81.1999 88.4068 74.8232 86.4937 40.6936 64.7388 50.8341 46.9931 44.2412 98.2598 93.4371 76.3883 100.6188 63.9321 93.3052 119.3111 111.6856 98.2581 204.1110 164.2978 173.4641 117.0443 62.7050 51.6910 71.2613 225.6977 159.6773 149.3604 144.3899 129.4342 115.8166 82.8689 98.0287 108.3458 99.3044
24 41.1319 26.1626 99.2442 25.8915 16.7795 30.9104 65.8106 96.5321 144.3966 74.0876 45.1919 149.8753 143.2526 123.5633 138.0595 160.3874 117.3358 121.5068 41.0967 28.3348 33.3799 113.1024 90.2767 24.0221 0.0000 44.6446 21.4268 61.9904 18.5596 65.6960 46.3424 46.7639 69.7475 102.8293 96.3301 67.7775 77.3512 141.0003 98.9155 99.5251 109.5575 98.3600 78.8120 82.7228 67.2399 94.6768 37.0964 56.7020 32.1802 48.2010 38.5987 74.2526 70.2826 52.4433 78.4056 39.9427 69.4416 97.3401 88.8165 74.2373 187.8039 145.8811 163.6540 99.6312 41.6857 27.7403 48.2523 203.3523 135.7449 125.3510 120.3883 110.3478 100.7560 63.9783 83.7585 90.3747 87.4176
25 84.7907 67.4930 143.4929 25.7767 60.9329 26.3354 72.9182 140.2804 172.1789 116.3717 89.6443 170.8955 154.7371 138.7746 157.4142 171.4822 126.9797 131.9613 74.8533 71.5177 64.0534 156.7591 134.9182 24.3384 44.6446 0.0000 25.3289 47.0091 35.3906 74.9867 76.3748 72.0522 87.7553 146.7100 140.9578 88.3105 85.4424 161.6762 132.1726 131.3492 132.9774 121.0500 102.9058 111.1666 98.3192 101.7041 39.9526 62.8811 61.8761 39.2595 44.3158 117.1276 108.1444 94.1601 113.1368 82.3339 113.1409 130.8922 125.2915 116.8215 228.4486 188.4277 196.8672 141.2762 85.7425 70.2363 92.8772 247.9969 178.8474 167.8513 163.0240 136.0928 117.6818 91.1340 99.8064 114.1518 98.3364
26 59.7708 47.0305 120.4215 20.0347 36.4527 25.2362 58.6130 115.1404 161.5445 91.0484 66.3342 152.1189 140.2129 122.2811 139.2507 157.3100 113.0000 117.6564 59.2042 49.7199 49.6073 134.4714 110.8512 16.3216 21.4268 25.3289 0.0000 57.4712 10.7968 59.6705 52.8229 49.7755 68.9241 121.6083 116.6153 80.7604 84.8558 155.2844 117.7945 117.8795 124.6633 113.0038 93.7010 99.5394 84.8768 102.2301 24.4187 48.4184 37.8198 31.8129 27.9197 91.8447 83.2386 68.8327 88.9562 57.0667 88.0305 107.1710 100.7674 91.5131 209.0302 167.3032 182.8371 120.9442 63.0485 45.0510 68.6676 223.7361 153.5522 142.5236 137.7007 115.0754 100.0797 68.8803 82.2055 93.6028 83.1097
27 99.3727 69.1187 142.0024 38.4265 76.6372 32.8267 115.4603 151.4722 139.2491 132.7663 94.7208 209.1671 197.4810 179.7517 196.5190 214.5276 170.0739 174.8284 63.2389 75.4540 53.9942 151.4302 138.5746 41.8338 61.9904 47.0091 57.4712 0.0000 67.1877 116.8172 107.1968 105.8289 126.2841 157.1056 145.7451 57.6082 44.7251 123.1940 108.2607 105.7260 98.4579 86.9949 72.6521 84.1324 76.6231 58.3407 80.8776 105.1800 92.2021 84.2185 84.8307 132.0487 131.9159 112.5731 140.3926 100.0636 125.7256 159.3301 150.5900 132.4938 211.3546 177.6193 168.8431 130.7161 89.2759 88.5360 101.3565 248.4314 191.2883 182.3008 177.2079 171.0306 157.5176 124.4061 139.6666 150.1101 140.3744
28 51.4304 44.4603 114.1041 28.9051 29.7571 34.4392 50.8168 106.2547 162.7508 81.5459 60.3422 142.0172 131.3811 112.9015 129.3326 148.5262 104.5039 109.0161 59.4866 45.7873 51.1112 128.7711 103.5600 25.3753 18.5596 35.3906 10.7968 67.1877 0.0000 51.4121 42.0277 39.1635 59.1602 112.7923 108.9690 84.4459 91.1227 158.4562 117.4737 118.0493 127.2710 115.8748 96.3600 100.9266 85.6109 108.5838 18.9441 40.9509 27.0306 29.6440 21.1846 82.5909 72.7766 59.3238 78.2207 48.0355 79.2944 96.3861 90.1240 82.1296 205.1325 162.3668 182.2015 116.8586 57.7805 36.4671 61.5529 215.9564 144.1578 132.8991 128.1408 104.5374 90.4686 58.2045 72.7226 83.2080 74.4537
29 70.7498 85.7590 133.1892 79.6191 65.0469 84.9049 3.6184 109.7694 205.7761 83.4979 88.4090 96.4986 80.6674 63.7986 82.7329 97.7131 53.3307 58.0219 104.4256 83.6470 98.5247 149.7508 118.4153 75.9309 65.6960 74.9867 59.6705 116.8172 51.4121 0.0000 35.1643 27.5038 17.5564 116.1076 121.0687 133.3547 142.2250 205.5294 157.9532 159.7117 173.7678 163.0192 143.5731 145.7862 129.7964 159.6746 36.0300 12.1157 38.1580 36.7986 31.9888 86.6834 64.0539 67.3113 60.2435 64.2702 88.3401 71.6404 72.9884 85.1161 230.9247 185.0703 220.0316 145.5749 89.0860 60.9512 84.4138 220.8710 139.4252 126.6546 123.0039 65.7470 43.0278 33.1390 25.5892 44.2214 23.5970
30 36.2087 57.8908 98.1016 69.0404 37.6921 74.6175 37.7149 77.1564 174.6000 50.5116 54.6819 103.6476 100.1097 79.3060 92.1712 116.9789 76.4398 79.8416 77.3473 54.0798 74.1641 114.6243 83.5783 65.9585 46.3424 76.3748 52.8229 107.1968 42.0277 35.1643 0.0000 8.2242 28.4528 83.7051 86.6429 108.8272 122.1829 177.3090 126.1435 128.4446 145.4923 135.5683 116.6945 116.8142 100.8494 139.1336 40.3277 35.3402 15.1468 50.3299 36.7699 53.1968 34.5592 32.3167 36.9806 29.6398 53.8158 54.5316 49.6021 51.8822 195.7605 149.9370 186.5545 110.7636 56.2529 29.4157 49.8014 189.1700 110.6003 98.3059 94.0570 64.0573 56.6429 17.6779 41.6196 44.1905 48.7954
31 43.2784 61.7026 106.0891 67.4132 40.9458 73.0185 29.8335 85.3141 180.1171 58.6739 61.2289 103.5841 97.0974 76.9469 91.4329 114.1496 72.2603 76.0170 81.0293 58.5641 76.8342 122.5613 91.7013 64.1034 46.7639 72.0522 49.7755 105.8289 39.1635 27.5038 8.2242 0.0000 23.8092 91.8488 94.8406 111.7982 123.8018 181.7245 131.8702 133.9451 149.8747 139.6352 120.5039 121.3856 105.3609 140.9776 34.1996 27.1178 14.6559 43.2584 30.3030 61.4027 42.0105 40.4285 42.9176 36.7777 62.0161 59.3750 55.8651 60.0688 203.5637 157.8561 193.0885 118.0838 62.3021 34.5377 56.9419 197.2947 118.3093 105.9137 101.7522 65.3881 54.1198 19.1675 37.7110 44.2901 43.4447
32 64.1476 85.4588 122.6976 88.0640 64.7444 93.5964 21.1570 95.9652 203.0522 70.4731 82.9198 83.4080 73.5436 53.9867 70.3432 90.6589 48.4591 52.2203 104.8184 82.1191 100.5829 139.4060 107.1867 84.5268 69.7475 87.7553 68.9241 126.2841 59.1602 17.5564 28.4528 23.8092 0.0000 102.0741 109.0133 135.5731 147.0726 205.3757 154.5906 156.8944 173.5311 163.3799 144.2896 144.9577 128.9511 164.3441 47.8036 27.4330 38.2006 51.7984 43.4432 74.0225 49.7124 57.4980 44.0318 57.5995 76.9196 54.2039 56.3792 72.2605 220.9304 174.6291 214.6081 137.7898 84.6789 57.6886 77.5093 205.8317 123.4412 110.5976 107.1792 49.3733 31.3465 18.4529 14.0245 27.4079 20.4256
33 61.9277 87.9953 38.5329 127.7656 86.0889 131.9171 119.3139 6.6305 147.2675 33.2069 62.3990 126.6030 146.4464 125.9308 123.7406 159.0625 134.9925 135.5637 97.6220 81.7259 104.2791 51.3000 25.9313 126.5516 102.8293 146.7100 121.6083 157.1056 112.7923 116.1076 83.7051 91.8488 102.0741 0.0000 19.8271 124.2888 146.8231 163.9240 104.8259 109.7298 137.4090 133.1317 121.5688 113.1013 102.9557 158.6988 120.4864 118.8399 91.7295 132.1617 117.9418 30.9172 52.3736 54.1874 60.0487 64.7574 33.5783 63.1082 51.6046 31.9540 127.1990 81.5079 142.6025 66.0691 67.9122 76.5645 56.0341 105.4761 34.3048 27.5626 22.7633 92.1740 111.4580 83.7561 108.1293 92.0509 119.0959
34 57.7503 77.5516 19.1247 119.7667 80.1847 123.3368 123.9662 20.1490 127.4591 38.8507 52.2685 143.5383 160.6492 139.5087 139.5117 174.1913 146.6769 147.8216 83.9635 71.7937 91.9141 33.7840 7.5044 119.0851 96.3301 140.9578 116.6153 145.7451 108.9690 121.0687 86.6429 94.8406 109.0133 19.8271 0.0000 108.0960 131.1977 144.2627 85.2777 90.2572 118.2386 114.4909 104.0265 94.8305 85.8412 142.0192 119.4940 121.8521 91.6090 131.7263 117.5742 35.0723 60.4653 54.5897 70.7429 62.2953 32.8275 77.8881 65.1027 36.9441 113.6254 67.1294 123.7040 46.2758 57.1864 72.6830 48.0808 107.1210 50.0311 46.1952 41.8010 106.9519 122.9775 90.6098 117.0856 103.5264 127.6185
35 82.7903 51.3845 98.3806 64.3798 71.1548 62.1922 133.5738 120.1982 84.1731 110.3878 68.0948 210.2893 208.7746 188.1322 199.9994 225.7362 183.9159 187.7917 32.3782 56.4494 35.0257 103.5049 100.6050 67.3621 67.7775 88.3105 80.7604 57.6082 84.4459 133.3547 108.8272 111.7982 135.5731 124.2888 108.0960 0.0000 23.6395 74.5613 51.0195 48.1875 44.7054 32.7968 15.2519 26.6292 23.5918 34.6844 103.2976 124.4429 97.4219 112.4888 105.5789 107.9977 119.0134 96.9200 130.7539 87.1240 100.0133 148.8347 136.8654 109.2790 154.7810 124.4664 111.6580 80.0701 62.8403 80.4891 76.6650 201.0861 157.7732 151.7117 146.7379 169.1038 165.4287 125.8653 149.5091 152.0093 154.3850
36 100.8141 67.7482 121.9653 65.6692 85.0470 61.7450 141.8652 142.4419 95.4011 130.6640 88.2962 225.4412 220.5989 200.7467 214.3291 237.7280 194.5934 198.8249 51.0576 73.7181 49.2158 127.0798 123.6943 69.2376 77.3512 85.4424 84.8558 44.7251 91.1227 142.2250 122.1829 123.8018 147.0726 146.8231 131.1977 23.6395 0.0000 78.5030 71.3331 67.5799 54.6605 43.8442 34.3998 47.2064 47.2070 17.4618 109.0085 132.0733 109.1467 116.2245 112.0255 128.6213 137.0291 115.1575 148.0885 104.2519 120.8714 166.6889 155.4122 129.7319 174.9403 147.0098 126.7103 103.4684 82.7584 95.8043 96.6829 224.5555 180.6030 174.0733 169.0495 184.7706 177.9199 139.7471 161.0920 166.2583 164.5893
37 145.2161 120.1123 127.1437 138.7078 140.9691 136.0905 206.1372 162.4765 30.1215 163.6075 126.8020 272.8353 276.8465 255.4503 264.3352 293.3534 253.7201 257.1423 101.1148 123.2718 107.6209 121.7158 138.0714 141.8029 141.0003 161.6762 155.2844 123.1940 158.4562 205.5294 177.3090 181.7245 205.3757 163.9240 144.2627 74.5613 78.5030 0.0000 59.2286 54.6111 31.8500 42.6405 62.1883 60.5242 76.4597 66.6833 177.3921 197.5188 168.1114 186.9458 179.4129 160.0933 178.5189 157.5391 191.2324 150.9979 152.0084 207.0839 193.8169 161.9273 128.3291 121.4956 65.3495 99.4409 123.2228 147.9002 134.6523 204.5127 191.5644 190.1714 185.9869 231.6680 233.3643 192.9822 218.9054 217.6905 225.1207
38 91.2848 73.7103 68.8825 106.4994 93.4021 106.1320 159.2512 103.2563 48.6488 105.4170 72.2639 216.0085 223.1551 201.4497 208.4022 239.1408 201.9199 204.8325 58.5969 74.5767 68.6862 66.2470 78.9243 108.5339 98.9155 132.1726 117.7945 108.2607 117.4737 157.9532 126.1435 131.8702 154.5906 104.8259 85.2777 51.0195 71.3331 59.2286 0.0000 5.3633 34.2391 34.6947 37.0672 24.4817 33.8812 73.0751 135.7644 151.9869 119.8032 147.1165 136.6901 101.7368 121.8467 102.0256 134.6482 97.5953 93.8086 149.4592 136.0127 103.6476 103.8871 77.5224 65.0699 42.1734 69.9395 97.3455 79.1606 158.8073 133.5343 131.3780 127.0728 175.2793 180.1877 140.0945 167.3495 163.1886 174.9259
39 94.0451 74.8002 74.0738 105.8053 94.8820 105.1587 160.9014 108.0202 46.1748 109.4223 75.0827 219.6547 226.1022 204.4402 211.8217 242.2042 204.4861 207.4963 58.7479 76.1125 68.4400 71.6095 83.8062 107.9919 99.5251 131.3492 117.8795 105.7260 118.0493 159.7117 128.4446 133.9451 156.8944 109.7298 90.2572 48.1875 67.5799 54.6111 5.3633 0.0000 28.8905 29.5766 33.6698 21.5938 33.1851 68.4933 136.5311 153.4019 121.5586 147.6785 137.6215 105.8071 125.3762 105.2079 138.1696 100.2595 97.8068 153.2981 139.9012 107.6873 107.3698 82.3784 65.5198 47.5077 72.4302 99.4117 82.2644 163.9531 138.7131 136.4030 132.0581 178.7879 182.9888 142.7711 169.8203 166.2429 177.1648
40 113.7992 88.2708 102.6851 109.0087 109.1289 106.8972 174.4259 135.2314 40.8173 133.8475 95.6467 241.8889 245.1411 223.8009 233.0812 261.7044 221.8882 225.3322 69.3429 91.4374 76.2282 100.4584 111.5118 111.9053 109.5575 132.9774 124.6633 98.4579 127.2710 173.7678 145.4923 149.8747 173.5311 137.4090 118.2386 44.7054 54.6605 31.8500 34.2391 28.8905 0.0000 11.9293 30.9768 28.8233 44.6554 48.6729 146.2134 165.9136 136.2771 156.1098 148.0863 130.5166 147.7384 126.4398 160.3662 119.4617 122.3359 176.6980 163.5988 132.2618 126.8604 108.5649 72.7639 76.3955 91.8291 116.0920 103.6972 191.2468 167.2283 164.4312 159.9598 200.6187 201.6365 161.2720 187.0774 186.1688 193.2717
41 104.9677 77.9327 100.2025 97.1403 98.7405 94.9829 163.5702 130.4463 52.3167 126.9674 87.3512 233.4593 235.5048 214.3109 224.2599 252.1899 211.8145 215.3721 58.7106 81.5124 64.9811 99.9326 107.4657 100.0665 98.3600 121.0500 113.0038 86.9949 115.8748 163.0192 135.5683 139.6352 163.3799 133.1317 114.4909 32.7968 43.8442 42.6405 34.6947 29.5766 11.9293 0.0000 19.5483 20.6818 35.3273 40.3461 134.8171 154.8947 125.8148 144.5417 136.7922 123.8326 139.6974 118.0606 152.1811 110.3817 115.6132 169.0152 156.1305 125.4823 133.9010 111.8572 82.8788 75.4255 83.1571 106.2610 95.6404 193.5003 164.1498 160.4867 155.8536 192.1166 191.9724 151.7004 177.0491 176.9742 182.9289
42 87.3542 58.8577 92.0654 78.4178 79.5619 76.6368 144.0829 118.1582 69.2903 111.7102 70.6088 215.8952 216.7671 195.7168 206.2970 233.5453 192.7473 196.3873 39.4751 62.8178 45.4329 94.9669 96.6771 81.1999 78.8120 102.9058 93.7010 72.6521 96.3600 143.5731 116.6945 120.5039 144.2896 121.5688 104.0265 15.2519 34.3998 62.1883 37.0672 33.6698 30.9768 19.5483 0.0000 12.8107 18.9777 39.2284 115.3039 135.3638 106.5443 125.1342 117.2521 108.8767 122.8359 100.9089 135.0881 92.4421 100.6924 152.4636 139.9018 110.3776 140.9113 112.8379 96.4180 70.7243 65.9636 87.5450 79.1125 191.5982 154.0572 149.1301 144.2991 174.5446 173.2469 133.1139 158.0395 158.7058 163.6934
43 85.0172 60.0428 81.6016 85.9556 80.8595 84.8470 146.6048 110.1854 62.0068 106.2906 67.0332 213.2758 216.3428 194.9845 204.3297 232.8886 193.2450 196.6337 41.7446 62.8418 50.0219 83.3016 87.6565 88.4068 82.7228 111.1666 99.5394 84.1324 100.9266 145.7862 116.8142 121.3856 144.9577 113.1013 94.8305 26.6292 47.2064 60.5242 24.4817 21.5938 28.8233 20.6818 12.8107 0.0000 16.0315 51.1473 119.7602 138.4026 108.0127 130.2922 121.2999 103.1509 119.2947 97.8136 131.8492 90.6444 94.9314 148.4926 135.5458 104.8016 128.3634 100.1021 86.1666 58.8513 63.0721 87.3993 75.2152 179.3430 144.7443 140.5682 135.8594 171.9680 172.8490 132.4739 158.4249 157.3494 164.8234
44 69.6405 44.0393 75.0921 72.6915 64.8380 72.2509 130.6497 99.3800 77.1573 92.8302 52.2020 198.1530 200.5122 179.2148 188.9379 217.1134 177.2653 180.6845 26.1434 46.8320 35.3160 79.9180 78.4158 74.8232 67.2399 98.3192 84.8768 76.6231 85.6109 129.7964 100.8494 105.3609 128.9511 102.9557 85.8412 23.5918 47.2070 76.4597 33.8812 33.1851 44.6554 35.3273 18.9777 16.0315 0.0000 56.2352 104.3345 122.5377 91.9870 115.1335 105.7249 89.9478 104.5612 82.8098 116.9681 75.0813 81.7538 134.0387 121.3251 91.4708 134.8726 101.9158 98.6438 56.6401 47.8627 71.4421 60.6044 177.5469 135.8103 130.5129 125.6405 156.8047 156.9978 116.6489 142.4482 141.7270 148.7961
45 116.2671 83.6516 131.0153 82.8894 101.7594 78.7819 159.3255 154.7491 87.7164 144.8950 102.5081 242.1133 237.8852 217.9192 231.1948 255.0023 211.9749 216.1798 65.8423 89.3466 65.4911 134.1793 134.5678 86.4937 94.6768 101.7041 102.2301 58.3407 108.5838 159.6746 139.1336 140.9776 164.3441 158.6988 142.0192 34.6844 17.4618 66.6833 73.0751 68.4933 48.6729 40.3461 39.2284 51.1473 56.2352 0.0000 126.4306 149.5346 126.3306 133.4840 129.4726 142.5872 152.5762 130.5547 163.9489 120.0904 134.6413 182.3529 170.7293 143.8309 174.2469 150.4937 121.2750 109.8682 97.1368 112.2102 111.0388 230.4820 191.9149 186.1857 181.2388 201.2630 195.0933 156.6269 178.3678 183.0971 181.9890
46 62.0946 62.2188 126.9244 44.4106 44.7495 49.4512 34.5837 113.8566 181.4917 87.7449 74.6148 131.0358 116.6704 99.5838 117.6709 133.6804 89.1993 93.9763 78.1912 62.6149 70.0347 142.3605 114.8574 40.6936 37.0964 39.9526 24.4187 80.8776 18.9441 36.0300 40.3277 34.1996 47.8036 120.4864 119.4940 103.2976 109.0085 177.3921 135.7644 136.5311 146.2134 134.8171 115.3039 119.7602 104.3345 126.4306 0.0000 24.3054 28.8199 12.5018 4.3664 89.5952 74.6046 66.3458 76.9987 57.1987 87.8928 93.5105 89.8229 88.7226 220.5676 176.7555 200.2221 132.4820 73.0017 47.6814 74.1252 225.3886 149.6833 137.7130 133.2537 96.3534 78.0130 52.5533 60.0763 74.3434 59.6268
47 68.2486 78.7428 132.5081 68.4492 58.5854 73.6147 10.2817 112.3344 199.2057 85.7164 84.6400 108.5238 92.4423 75.8945 94.8086 109.4165 64.9090 69.7158 96.7243 77.4129 89.9965 148.8135 118.5045 64.7388 56.7020 62.8811 48.4184 105.1800 40.9509 12.1157 35.3402 27.1178 27.4330 118.8399 121.8521 124.4429 132.0733 197.5188 151.9869 153.4019 165.9136 154.8947 135.3638 138.4026 122.5377 149.5346 24.3054 0.0000 33.2649 24.8495 20.5034 88.5066 68.0045 67.3079 66.3265 62.0700 89.0496 79.7572 79.3750 87.1469 229.3191 184.0066 215.1064 142.6795 84.5725 56.5610 81.7274 224.2151 144.3040 131.7092 127.7619 76.7042 55.0772 39.1064 37.4547 54.8223 35.5470
48 35.5472 48.0141 100.5453 53.9535 27.1603 59.5417 39.5066 85.0991 167.6414 58.9254 51.3758 117.8283 111.6703 91.6007 105.8923 128.7458 86.4959 90.3903 67.1084 45.5377 62.4093 116.5515 87.4535 50.8341 32.1802 61.8761 37.8198 92.2021 27.0306 38.1580 15.1468 14.6559 38.2006 91.7295 91.6090 97.4219 109.1467 168.1114 119.8032 121.5586 136.2771 125.8148 106.5443 108.0127 91.9870 126.3306 28.8199 33.2649 0.0000 40.4771 26.2402 60.8192 46.8002 37.7002 51.2896 29.7839 59.4684 69.3560 63.4404 59.9150 196.4757 151.5411 182.2199 109.4775 51.4125 23.3099 48.7552 196.8238 120.9678 109.1114 104.5865 78.8608 68.7736 32.2363 52.1963 58.3601 57.1545
49 74.4875 73.9044 139.3939 50.5985 57.0912 54.9732 34.2901 125.5328 192.2178 99.2099 87.0932 133.2967 115.5433 100.1377 119.5010 132.2412 87.7678 92.7781 89.0487 74.6698 80.3050 154.8579 127.2000 46.9931 48.2010 39.2595 31.8129 84.2185 29.6440 36.7986 50.3299 43.2584 51.7984 132.1617 131.7263 112.4888 116.2245 186.9458 147.1165 147.6785 156.1098 144.5417 125.1342 130.2922 115.1335 133.4840 12.5018 24.8495 40.4771 0.0000 14.2375 101.2445 84.8885 78.1754 86.0388 69.4565 99.8872 101.4994 99.0578 100.2790 233.0071 189.2542 211.8063 144.8778 85.3992 60.1591 86.6140 237.2992 160.6644 148.5088 144.1634 101.1656 79.8234 60.1453 62.2952 79.1525 59.5683
50 60.5366 62.9953 125.5836 47.9536 44.6480 53.1121 30.7297 111.3121 182.8453 85.0293 73.9276 126.7008 112.6562 95.3846 113.3614 129.6969 85.2650 89.9989 79.6066 62.9422 71.8584 141.2129 113.1417 44.2412 38.5987 44.3158 27.9197 84.8307 21.1846 31.9888 36.7699 30.3030 43.4432 117.9418 117.5742 105.5789 112.0255 179.4129 136.6901 137.6215 148.0863 136.7922 117.2521 121.2999 105.7249 129.4726 4.3664 20.5034 26.2402 14.2375 0.0000 87.0252 71.2243 63.9379 73.1980 55.3522 85.6591 89.4868 86.0888 86.0770 219.9549 175.8112 200.8949 132.0442 72.6377 46.4802 72.9441 223.0617 146.6735 134.6021 130.2014 92.0027 73.7270 48.4105 55.7830 69.9869 55.5664
51 33.2503 63.8678 50.5232 99.8690 57.5302 104.4399 89.7248 24.2887 148.7506 4.1334 40.3347 115.3497 128.1515 106.6051 109.2735 142.6304 112.3929 113.8516 77.6222 57.3637 81.9051 67.0495 34.2031 98.2598 74.2526 117.1276 91.8447 132.0487 82.5909 86.6834 53.1968 61.4027 74.0225 30.9172 35.0723 107.9977 128.6213 160.0933 101.7368 105.8071 130.5166 123.8326 108.8767 103.1509 89.9478 142.5872 89.5952 88.5066 60.8192 101.2445 87.0252 0.0000 25.6308 23.4271 36.9320 34.7968 8.2208 48.2802 34.7198 2.1033 148.2055 101.6749 151.4671 71.5800 45.9226 46.9801 32.0932 136.2552 61.7250 51.1006 46.1381 75.9790 88.7547 55.5893 82.0648 69.4752 92.5518
52 36.3103 69.3221 76.0862 95.8578 55.4291 101.0968 67.3712 46.2583 169.9769 21.6643 52.3641 94.3495 103.5503 81.8382 86.6160 118.6044 86.8298 88.4131 86.8266 63.3220 88.0035 92.6606 59.8242 93.4371 70.2826 108.1444 83.2386 131.9159 72.7766 64.0539 34.5592 42.0105 49.7124 52.3736 60.4653 119.0134 137.0291 178.5189 121.8467 125.3762 147.7384 139.6974 122.8359 119.2947 104.5612 152.5762 74.6046 68.0045 46.8002 84.8885 71.2243 25.6308 0.0000 22.0949 12.8016 33.0034 30.8574 29.8215 18.7786 23.6349 173.8247 127.2904 175.3268 95.7378 56.8759 43.5049 44.0795 156.8210 76.3804 63.9158 59.8222 53.4326 63.2418 31.3884 56.6776 44.1216 67.3622
53 14.3461 47.6123 65.8866 78.3258 36.2009 83.2125 69.9872 47.5644 150.5548 22.2323 30.7938 115.4640 121.2988 99.5416 106.8277 137.1364 101.5394 103.9367 64.7618 41.4572 66.3311 82.4855 51.2730 76.3883 52.4433 94.1601 68.8327 112.5731 59.3238 67.3113 32.3167 40.4285 57.4980 54.1874 54.5897 96.9200 115.1575 157.5391 102.0256 105.2079 126.4398 118.0606 100.9089 97.8136 82.8098 130.5547 66.3458 67.3079 37.7002 78.1754 63.9379 23.4271 22.0949 0.0000 34.1830 12.5789 21.9282 51.9149 40.2551 22.8272 163.8364 117.8070 158.6044 80.5205 34.9739 24.7051 22.9702 159.1240 84.8340 73.6912 68.8747 74.1792 78.8620 40.2045 68.1810 61.2274 77.5121
54 47.9910 80.3665 87.3343 103.3267 64.7873 108.7404 63.7759 54.5237 182.7667 32.8087 64.8350 81.6062 91.3099 69.7013 73.8290 106.1004 75.9372 77.1301 98.4337 74.6085 98.8960 103.7145 70.9097 100.6188 78.4056 113.1368 88.9562 140.3926 78.2207 60.2435 36.9806 42.9176 44.0318 60.0487 70.7429 130.7539 148.0885 191.2324 134.6482 138.1696 160.3662 152.1811 135.0881 131.8492 116.9681 163.9489 76.9987 66.3265 51.2896 86.0388 73.1980 36.9320 12.8016 34.1830 0.0000 43.8662 43.0434 19.0022 13.0909 34.8427 184.3683 137.8643 187.7584 108.0233 69.1548 53.0641 56.6692 162.0750 79.4124 66.5766 63.1590 40.6311 52.2373 27.3339 48.2331 32.7861 59.3071
55 6.5725 36.5092 70.7804 65.8032 23.6220 70.6542 66.4623 58.2211 146.2266 34.2569 25.4249 123.5047 126.0540 104.5247 113.9066 142.4100 104.3320 107.2512 54.7480 30.7767 55.1039 86.8787 57.8018 63.9321 39.9427 82.3339 57.0667 100.0636 48.0355 64.2702 29.6398 36.7777 57.5995 64.7574 62.2953 87.1240 104.2519 150.9979 97.5953 100.2595 119.4617 110.3817 92.4421 90.6444 75.0813 120.0904 57.1987 62.0700 29.7839 69.4565 55.3522 34.7968 33.0034 12.5789 43.8662 0.0000 31.3071 62.4562 51.7001 34.5581 167.2652 121.9850 157.0297 81.3066 27.9256 12.2723 20.1869 168.5629 96.5215 85.7103 80.8155 82.1839 82.7686 42.5148 69.8707 66.7082 78.0234
56 28.3894 57.0191 45.9442 94.6861 52.6665 99.0427 91.1914 27.1474 141.0816 11.6155 32.7244 122.7823 134.3089 112.6377 116.2723 149.1267 117.4533 119.1841 69.9683 50.5363 74.7110 62.6549 30.2759 93.3052 69.4416 113.1409 88.0305 125.7256 79.2944 88.3401 53.8158 62.0161 76.9196 33.5783 32.8275 100.0133 120.8714 152.0084 93.8086 97.8068 122.3359 115.6132 100.6924 94.9314 81.7538 134.6413 87.8928 89.0496 59.4684 99.8872 85.6591 8.2208 30.8574 21.9282 43.0434 31.3071 0.0000 55.8238 42.2970 9.9311 144.1652 97.7610 144.7390 64.9811 38.3739 42.9913 24.7904 137.5058 66.4144 56.6483 51.5780 82.9286 93.9684 58.7109 86.0037 74.9637 96.1433
57 66.1090 98.9417 96.0957 122.0914 83.7756 127.5399 75.2587 58.9986 196.9054 44.3445 81.8713 67.0789 83.3444 62.9416 61.7221 96.3472 73.5681 73.4694 116.6384 93.0395 117.5599 111.6621 79.7690 119.3111 97.3401 130.8922 107.1710 159.3301 96.3861 71.6404 54.5316 59.3750 54.2039 63.1082 77.8881 148.8347 166.6889 207.0839 149.4592 153.2981 176.6980 169.0152 152.4636 148.4926 134.0387 182.3529 93.5105 79.7572 69.3560 101.4994 89.4868 48.2802 29.8215 51.9149 19.0022 62.4562 55.8238 0.0000 13.5604 46.2457 190.2019 144.1757 199.3080 119.4797 86.5591 72.0204 73.4348 158.1620 73.9945 61.3362 59.1737 29.1564 50.9675 41.3550 53.5754 33.0577 64.4959
58 54.6003 87.8204 82.9932 114.2185 74.1851 119.5245 76.5511 46.8945 183.3721 30.7905 69.3191 80.6350 95.5795 74.6229 74.9797 109.1654 83.4682 83.9605 104.8926 81.7089 106.5323 98.7915 66.5914 111.6856 88.8165 125.2915 100.7674 150.5900 90.1240 72.9884 49.6021 55.8651 56.3792 51.6046 65.1027 136.8654 155.4122 193.8169 136.0127 139.9012 163.5988 156.1305 139.9018 135.5458 121.3251 170.7293 89.8229 79.3750 63.4404 99.0578 86.0888 34.7198 18.7786 40.2551 13.0909 51.7001 42.2970 13.5604 0.0000 32.6862 178.0953 131.8468 185.8508 105.9937 74.2166 62.2666 60.7901 150.7932 67.3749 54.5001 51.4502 41.9693 60.0664 40.3142 59.0137 40.8589 70.1695
59 33.4095 64.5783 52.5784 99.9380 57.5681 104.5747 88.1890 25.3500 150.7394 2.0347 41.4400 113.3056 126.0511 104.5087 107.1858 140.5274 110.3531 111.7910 78.6972 58.0774 82.7436 69.0832 36.2338 98.2581 74.2373 116.8215 91.5131 132.4938 82.1296 85.1161 51.8822 60.0688 72.2605 31.9540 36.9441 109.2790 129.7319 161.9273 103.6476 107.6873 132.2618 125.4823 110.3776 104.8016 91.4708 143.8309 88.7226 87.1469 59.9150 100.2790 86.0770 2.1033 23.6349 22.8272 34.8427 34.5581 9.9311 46.2457 32.6862 0.0000 150.1898 103.6557 153.5609 73.6753 46.9824 46.8015 33.0883 137.4003 62.0512 51.1635 46.2575 73.8866 86.7065 53.8150 80.1510 67.4112 90.6778
60 161.0814 162.0479 98.2495 202.9753 175.9910 204.0039 233.3953 131.2653 98.2347 152.1662 146.0275 252.8646 273.5224 252.7182 250.8264 286.2524 260.3010 261.4215 154.1805 159.5329 165.1371 81.5333 114.1081 204.1110 187.8039 228.4486 209.0302 211.3546 205.1325 230.9247 195.7605 203.5637 220.9304 127.1990 113.6254 154.7810 174.9403 128.3291 103.8871 107.3698 126.8604 133.9010 140.9113 128.3634 134.8726 174.2469 220.5676 229.3191 196.4757 233.0071 219.9549 148.2055 173.8247 163.8364 184.3683 167.2652 144.1652 190.2019 178.0953 150.1898 0.0000 46.5364 64.9387 88.2740 147.6417 173.7859 147.7204 93.0113 131.6669 139.2302 138.1673 219.3291 236.6022 202.8521 230.0932 217.1510 240.3084
61 115.9984 121.0062 51.9653 163.6455 132.7503 165.4290 187.6434 85.1777 94.6030 105.6306 102.2602 207.9310 227.3899 206.4419 205.2311 240.4361 213.7876 214.9502 116.4555 117.6102 127.2134 35.3224 67.6164 164.2978 145.8811 188.4277 167.3032 177.6193 162.3668 185.0703 149.9370 157.8561 174.6291 81.5079 67.1294 124.4664 147.0098 121.4956 77.5224 82.3784 108.5649 111.8572 112.8379 100.1021 101.9158 150.4937 176.7555 184.0066 151.5411 189.2542 175.8112 101.6749 127.2904 117.8070 137.8643 121.9850 97.7610 144.1757 131.8468 103.6557 46.5364 0.0000 73.7796 47.5387 104.5973 129.3556 102.9634 83.2549 91.0600 96.5888 94.7722 173.3316 190.0909 156.4716 183.6089 170.6501 193.8805
62 150.4693 138.0033 104.5948 171.3169 156.8059 170.6570 221.6646 143.8530 35.7399 155.5599 131.9037 266.1763 278.8497 257.1001 260.7213 293.8583 260.1437 262.4810 123.6569 138.0951 133.7266 91.7178 120.1755 173.4641 163.6540 196.8672 182.8371 168.8431 182.2015 220.0316 186.5545 193.0885 214.6081 142.6025 123.7040 111.6580 126.7103 65.3495 65.0699 65.5198 72.7639 82.8788 96.4180 86.1666 98.6438 121.2750 200.2221 215.1064 182.2199 211.8063 200.8949 151.4671 175.3268 158.6044 187.7584 157.0297 144.7390 199.3080 185.8508 153.5609 64.9387 73.7796 0.0000 79.8910 130.9459 159.0997 137.1420 150.6302 161.0822 163.9854 161.0400 227.4456 237.3149 198.5277 226.4353 218.9907 235.0202
63 74.8329 74.1361 27.9526 116.2714 87.8003 117.9380 147.7151 65.9399 81.2027 75.6780 58.2859 186.4499 199.2730 177.5754 180.8311 214.0828 181.5647 183.6095 68.9493 71.3153 79.6795 24.5582 41.3594 117.0443 99.6312 141.2762 120.9442 130.7161 116.8586 145.5749 110.7636 118.0838 137.7898 66.0691 46.2758 80.0701 103.4684 99.4409 42.1734 47.5077 76.3955 75.4255 70.7243 58.8513 56.6401 109.8682 132.4820 142.6795 109.4775 144.8778 132.0442 71.5800 95.7378 80.5205 108.0233 81.3066 64.9811 119.4797 105.9937 73.6753 88.2740 47.5387 79.8910 0.0000 59.4813 86.3636 61.1762 121.1011 92.1240 91.1711 87.2382 147.5563 158.3705 120.7210 148.6865 139.6844 157.9714
64 21.9934 20.3993 57.7509 63.0309 28.3503 66.3136 90.7475 62.4777 118.4971 47.9085 5.6739 150.3023 153.9765 132.4276 141.2595 170.3000 132.0576 135.0786 31.7148 14.6802 36.6106 71.4241 50.4117 62.7050 41.6857 85.7425 63.0485 89.2759 57.7805 89.0860 56.2529 62.3021 84.6789 67.9122 57.1864 62.8403 82.7584 123.2228 69.9395 72.4302 91.8291 83.1571 65.9636 63.0721 47.8627 97.1368 73.0017 84.5725 51.4125 85.3992 72.6377 45.9226 56.8759 34.9739 69.1548 27.9256 38.3739 86.5591 74.2166 46.9824 147.6417 104.5973 130.9459 59.4813 0.0000 28.1718 13.9335 163.0894 102.1813 93.7992 88.6943 108.9621 110.6855 70.3792 97.4241 94.4927 105.0481
65 14.9781 29.1146 79.2441 53.6281 11.9278 58.5593 62.5766 70.0895 145.5855 46.5271 28.1267 130.0026 129.2575 108.1740 119.5140 146.0027 105.8538 109.2424 48.4614 24.7544 46.7197 94.7430 67.5687 51.6910 27.7403 70.2363 45.0510 88.5360 36.4671 60.9512 29.4157 34.5377 57.6886 76.5645 72.6830 80.4891 95.8043 147.9002 97.3455 99.4117 116.0920 106.2610 87.5450 87.3993 71.4421 112.2102 47.6814 56.5610 23.3099 60.1591 46.4802 46.9801 43.5049 24.7051 53.0641 12.2723 42.9913 72.0204 62.2666 46.8015 173.7859 129.3556 159.0997 86.3636 28.1718 0.0000 26.4722 179.5367 108.6918 97.9632 93.0557 89.0532 85.7262 45.5922 71.0328 71.5311 77.8178
66 13.6645 32.3568 52.8600 72.1745 32.2196 76.0908 86.5394 50.1902 127.7537 33.9811 8.5882 138.2196 144.0145 122.2947 129.7768 159.9850 123.4406 126.0978 45.6296 25.9264 49.9262 68.2714 42.1841 71.2613 48.2523 92.8772 68.6676 101.3565 61.5529 84.4138 49.8014 56.9419 77.5093 56.0341 48.0808 76.6650 96.6829 134.6523 79.1606 82.2644 103.6972 95.6404 79.1125 75.2152 60.6044 111.0388 74.1252 81.7274 48.7552 86.6140 72.9441 32.0932 44.0795 22.9702 56.6692 20.1869 24.7904 73.4348 60.7901 33.0883 147.7204 102.9634 137.1420 61.1762 13.9335 26.4722 0.0000 155.1528 90.0166 80.9961 75.8954 97.0158 101.2245 61.5688 89.3566 84.0285 97.9011
67 164.5588 182.9921 106.5782 226.1194 187.3032 229.3068 224.1904 112.0548 176.7404 138.6830 158.6589 205.3317 235.2525 217.9567 208.3837 243.6410 231.1918 230.4506 185.1927 177.7491 194.7730 97.7959 113.0932 225.6977 203.3523 247.9969 223.7361 248.4314 215.9564 220.8710 189.1700 197.2947 205.8317 105.4761 107.1210 201.0861 224.5555 204.5127 158.8073 163.9531 191.2468 193.5003 191.5982 179.3430 177.5469 230.4820 225.3886 224.2151 196.8238 237.2992 223.0617 136.2552 156.8210 159.1240 162.0750 168.5629 137.5058 158.1620 150.7932 137.4003 93.0113 83.2549 150.6302 121.1011 163.0894 179.5367 155.1528 0.0000 84.1926 96.8385 99.3933 183.5596 209.1123 187.9612 209.8011 190.8811 220.9568
68 94.6130 122.1711 64.6534 161.0985 118.9690 165.4430 142.8953 39.8292 171.7367 62.6183 96.6389 125.4541 152.4809 134.3084 126.4845 162.2566 147.0578 146.4374 131.8447 115.8490 138.5834 71.2484 57.4035 159.6773 135.7449 178.8474 153.5522 191.2883 144.1578 139.4252 110.6003 118.3093 123.4412 34.3048 50.0311 157.7732 180.6030 191.5644 133.5343 138.7131 167.2283 164.1498 154.0572 144.7443 135.8103 191.9149 149.6833 144.3040 120.9678 160.6644 146.6735 61.7250 76.3804 84.8340 79.4124 96.5215 66.4144 73.9945 67.3749 62.0512 131.6669 91.0600 161.0822 92.1240 102.1813 108.6918 90.0166 84.1926 0.0000 12.8747 16.5596 99.7192 124.9259 106.2899 126.2419 106.8333 137.3817
69 84.3220 113.3469 63.2232 150.9527 108.6297 155.4715 130.1372 31.6600 172.0030 51.4963 88.1617 115.1975 140.8905 122.2831 115.3799 151.2288 134.6192 134.1294 124.3555 106.9213 130.4019 72.6026 53.0310 149.3604 125.3510 167.8513 142.5236 182.3008 132.8991 126.6546 98.3059 105.9137 110.5976 27.5626 46.1952 151.7117 174.0733 190.1714 131.3780 136.4030 164.4312 160.4867 149.1301 140.5682 130.5129 186.1857 137.7130 131.7092 109.1114 148.5088 134.6021 51.1006 63.9158 73.6912 66.5766 85.7103 56.6483 61.3362 54.5001 51.1635 139.2302 96.5888 163.9854 91.1711 93.7992 97.9632 80.9961 96.8385 12.8747 0.0000 5.1059 87.6239 112.3009 93.5300 113.3812 94.0713 124.5239
70 79.3290 108.2447 59.2949 145.9569 103.6536 150.4536 126.4576 26.6123 168.2515 46.6524 83.0562 115.3354 139.9289 120.9043 114.8852 150.7364 132.6944 132.3895 119.2751 101.8212 125.2977 69.4254 48.4671 144.3899 120.3883 163.0240 137.7007 177.2079 128.1408 123.0039 94.0570 101.7522 107.1792 22.7633 41.8010 146.7379 169.0495 185.9869 127.0728 132.0581 159.9598 155.8536 144.2991 135.8594 125.6405 181.2388 133.2537 127.7619 104.5865 144.1634 130.2014 46.1381 59.8222 68.8747 63.1590 80.8155 51.5780 59.1737 51.4502 46.2575 138.1673 94.7722 161.0400 87.2382 88.6943 93.0557 75.8954 99.3933 16.5596 5.1059 0.0000 86.2376 110.0873 89.8651 110.4587 91.5689 121.6137
71 87.2172 117.8695 124.9621 132.6807 99.7833 138.2842 69.0579 88.1540 223.3615 71.8926 104.9720 41.3564 54.3200 34.6732 33.3451 67.2394 48.2580 46.9970 136.7550 112.6604 135.7720 140.6977 108.5579 129.4342 110.3478 136.0928 115.0754 171.0306 104.5374 65.7470 64.0573 65.3881 49.3733 92.1740 106.9519 169.1038 184.7706 231.6680 175.2793 178.7879 200.6187 192.1166 174.5446 171.9680 156.8047 201.2630 96.3534 76.7042 78.8608 101.1656 92.0027 75.9790 53.4326 74.1792 40.6311 82.1839 82.9286 29.1564 41.9693 73.8866 219.3291 173.3316 227.4456 147.5563 108.9621 89.0532 97.0158 183.5596 99.7192 87.6239 86.2376 0.0000 29.6498 46.6291 41.2627 22.0601 49.7111
72 88.9447 114.5128 139.2767 119.3727 94.2742 124.8900 45.6560 106.3312 228.8353 84.6917 107.9369 53.4757 43.5327 22.8272 39.7494 60.3364 23.6999 25.2428 133.9697 110.4802 130.6363 155.7807 122.9332 115.8166 100.7560 117.6818 100.0797 157.5176 90.4686 43.0278 56.6429 54.1198 31.3465 111.4580 122.9775 165.4287 177.9199 233.3643 180.1877 182.9888 201.6365 191.9724 173.2469 172.8490 156.9978 195.0933 78.0130 55.0772 68.7736 79.8234 73.7270 88.7547 63.2418 78.8620 52.2373 82.7686 93.9684 50.9675 60.0664 86.7065 236.6022 190.0909 237.3149 158.3705 110.6855 85.7262 101.2245 209.1123 124.9259 112.3009 110.0873 29.6498 0.0000 40.3919 17.9507 19.4870 21.9546
73 48.8218 74.6163 104.6040 86.0799 54.9497 91.6805 36.6075 77.5919 188.7337 52.0217 67.8499 85.9698 83.8695 62.6169 74.5828 100.4897 61.9055 64.7393 94.0290 70.2964 91.4496 121.3212 88.9336 82.8689 63.9783 91.1340 68.8803 124.4061 58.2045 33.1390 17.6779 19.1675 18.4529 83.7561 90.6098 125.8653 139.7471 192.9822 140.0945 142.7711 161.2720 151.7004 133.1139 132.4739 116.6489 156.6269 52.5533 39.1064 32.2363 60.1453 48.4105 55.5893 31.3884 40.2045 27.3339 42.5148 58.7109 41.3550 40.3142 53.8150 202.8521 156.4716 198.5277 120.7210 70.3792 45.5922 61.5688 187.9612 106.2899 93.5300 89.8651 46.6291 40.3919 0.0000 27.9827 26.5329 37.5287
74 76.3256 99.1830 131.9393 101.6087 78.5597 107.1027 28.5382 102.3835 215.9201 78.2349 95.2956 71.1479 59.5191 40.1863 57.6139 76.6368 34.8211 38.3513 118.5887 95.6414 114.5402 148.6392 115.9934 98.0287 83.7585 99.8064 82.2055 139.6666 72.7226 25.5892 41.6196 37.7110 14.0245 108.1293 117.0856 149.5091 161.0920 218.9054 167.3495 169.8203 187.0774 177.0491 158.0395 158.4249 142.4482 178.3678 60.0763 37.4547 52.1963 62.2952 55.7830 82.0648 56.6776 68.1810 48.2331 69.8707 86.0037 53.5754 59.0137 80.1510 230.0932 183.6089 226.4353 148.6865 97.4241 71.0328 89.3566 209.8011 126.2419 113.3812 110.4587 41.2627 17.9507 27.9827 0.0000 21.5170 11.1560
75 72.5121 100.6456 119.9870 111.6873 81.3571 117.2912 47.6517 86.8670 211.7619 65.3875 91.2447 59.5006 60.0964 38.3226 48.1016 75.9626 43.1746 44.3839 119.9534 95.9982 117.8144 136.4384 103.6036 108.3458 90.3747 114.1518 93.6028 150.1101 83.2080 44.2214 44.1905 44.2901 27.4079 92.0509 103.5264 152.0093 166.2583 217.6905 163.1886 166.2429 186.1688 176.9742 158.7058 157.3494 141.7270 183.0971 74.3434 54.8223 58.3601 79.1525 69.9869 69.4752 44.1216 61.2274 32.7861 66.7082 74.9637 33.0577 40.8589 67.4112 217.1510 170.6501 218.9907 139.6844 94.4927 71.5311 84.0285 190.8811 106.8333 94.0713 91.5689 22.0601 19.4870 26.5329 21.5170 0.0000 31.8858
76 84.5687 105.0284 142.0760 102.9728 84.1913 108.3188 25.4182 113.2850 223.3350 88.7931 103.3426 74.6010 57.1143 40.5724 60.5052 74.2004 30.0737 34.5756 124.2408 102.0087 119.3653 158.7917 126.2830 99.3044 87.4176 98.3364 83.1097 140.3744 74.4537 23.5970 48.7954 43.4447 20.4256 119.0959 127.6185 154.3850 164.5893 225.1207 174.9259 177.1648 193.2717 182.9289 163.6934 164.8234 148.7961 181.9890 59.6268 35.5470 57.1545 59.5683 55.5664 92.5518 67.3622 77.5121 59.3071 78.0234 96.1433 64.4959 70.1695 90.6778 240.3084 193.8805 235.0202 157.9714 105.0481 77.8178 97.9011 220.9568 137.3817 124.5239 121.6137 49.7111 21.9546 37.5287 11.1560 31.8858 0.0000
;

end;